t_mono,position1,position2,position3,position4,position5,position6,position7,speed1,speed2,speed3,speed4,speed5,speed6,speed7,current1,current2,current3,current4,current5,current6,current7,voltage1,voltage2,voltage3,voltage4,voltage5,voltage6,voltage7,temperature1,temperature2,temperature3,temperature4,temperature5,temperature6,temperature7,en1,en2,en3,en4,en5,en6,en7,err1,err2,err3,err4,err5,err6,err7,lift_height,lift_pos,lift_current,lift_err,lift_en,tcp_x,tcp_y,tcp_z,tcp_rx,tcp_ry,tcp_rz,arm_status
0.302119,5.758000,-74.445999,-34.098000,110.836998,3.414000,52.508999,145.181000,0.000000,0.000000,0.000000,0.000000,0.000000,0.000000,0.000000,263.000000,-1249.000000,190.000000,-1433.000000,201.000000,-84.000000,-39.000000,22.000000,22.000000,22.000000,22.000000,22.000000,22.000000,22.000000,34.000000,34.000000,35.000000,36.000000,36.000000,36.000000,37.000000,1,1,1,1,1,1,1,0,0,0,0,0,0,0,75,5400.235840,967,0,1,0.425000,-0.129998,-0.221999,3.120000,0.001000,0.000000,0
0.311811,5.758000,-74.445999,-34.098000,110.836998,3.414000,52.508999,145.181000,0.000000,0.000000,0.000000,0.000000,0.000000,0.000000,0.000000,258.000000,-1253.000000,191.000000,-1427.000000,202.000000,-79.000000,-46.000000,22.000000,22.000000,22.000000,22.000000,22.000000,22.000000,22.000000,34.000000,34.000000,35.000000,36.000000,36.000000,36.000000,37.000000,1,1,1,1,1,1,1,0,0,0,0,0,0,0,75,5400.235840,968,0,1,0.425000,-0.129998,-0.221999,3.120000,0.001000,0.000000,0
0.321849,5.758000,-74.445999,-34.098000,110.836998,3.414000,52.508999,145.181000,0.000000,0.000000,0.000000,0.000000,0.000000,0.000000,0.000000,269.000000,-1254.000000,198.000000,-1421.000000,208.000000,-79.000000,-35.000000,22.000000,22.000000,22.000000,22.000000,22.000000,22.000000,22.000000,34.000000,34.000000,35.000000,36.000000,36.000000,36.000000,37.000000,1,1,1,1,1,1,1,0,0,0,0,0,0,0,75,5400.235840,968,0,1,0.425000,-0.129998,-0.221999,3.120000,0.001000,0.000000,0
0.331846,5.758000,-74.445999,-34.098000,110.836998,3.414000,52.508999,145.181000,0.000000,0.000000,0.000000,0.000000,0.000000,0.000000,0.120000,265.000000,-1253.000000,188.000000,-1422.000000,202.000000,-82.000000,-42.000000,22.000000,22.000000,22.000000,22.000000,22.000000,22.000000,22.000000,34.000000,34.000000,35.000000,36.000000,36.000000,36.000000,37.000000,1,1,1,1,1,1,1,0,0,0,0,0,0,0,75,5400.234863,968,0,1,0.425000,-0.129998,-0.221999,3.120000,0.001000,0.000000,0
0.341840,5.758000,-74.445999,-34.098000,110.836998,3.414000,52.508999,145.181000,0.000000,0.000000,0.000000,0.000000,0.000000,0.000000,0.000000,270.000000,-1263.000000,209.000000,-1424.000000,201.000000,-78.000000,-32.000000,22.000000,22.000000,22.000000,22.000000,22.000000,22.000000,22.000000,34.000000,34.000000,35.000000,36.000000,36.000000,36.000000,37.000000,1,1,1,1,1,1,1,0,0,0,0,0,0,0,75,5400.234863,968,0,1,0.425000,-0.129998,-0.221999,3.120000,0.001000,0.000000,0
0.351957,5.758000,-74.445999,-34.098000,110.836998,3.414000,52.508999,145.181000,0.000000,0.000000,0.000000,0.000000,0.000000,0.000000,0.000000,265.000000,-1253.000000,183.000000,-1423.000000,207.000000,-78.000000,-42.000000,22.000000,22.000000,22.000000,22.000000,22.000000,22.000000,22.000000,34.000000,34.000000,35.000000,36.000000,36.000000,36.000000,37.000000,1,1,1,1,1,1,1,0,0,0,0,0,0,0,75,5400.235840,967,0,1,0.425000,-0.129998,-0.221999,3.120000,0.001000,0.000000,0
0.361971,5.758000,-74.445999,-34.098000,110.836998,3.414000,52.508999,145.181000,0.000000,0.000000,0.000000,0.000000,0.000000,0.000000,0.000000,261.000000,-1252.000000,212.000000,-1416.000000,201.000000,-76.000000,-43.000000,22.000000,22.000000,22.000000,22.000000,22.000000,22.000000,22.000000,34.000000,34.000000,35.000000,36.000000,36.000000,36.000000,37.000000,1,1,1,1,1,1,1,0,0,0,0,0,0,0,75,5400.234863,968,0,1,0.425000,-0.129998,-0.221999,3.120000,0.001000,0.000000,0
0.371970,5.758000,-74.445999,-34.098000,110.836998,3.414000,52.508999,145.181000,0.000000,0.000000,0.000000,0.000000,0.000000,0.000000,0.120000,270.000000,-1251.000000,171.000000,-1415.000000,203.000000,-79.000000,-50.000000,22.000000,22.000000,22.000000,22.000000,22.000000,22.000000,22.000000,34.000000,34.000000,35.000000,36.000000,36.000000,36.000000,37.000000,1,1,1,1,1,1,1,0,0,0,0,0,0,0,75,5400.237793,967,0,1,0.425000,-0.129998,-0.221999,3.120000,0.001000,0.000000,0
0.381877,5.758000,-74.445999,-34.098000,110.836998,3.414000,52.508999,145.181000,0.000000,0.000000,0.000000,0.000000,0.000000,0.000000,-0.240000,268.000000,-1250.000000,177.000000,-1416.000000,209.000000,-79.000000,-46.000000,22.000000,22.000000,22.000000,22.000000,22.000000,22.000000,22.000000,34.000000,34.000000,35.000000,36.000000,36.000000,36.000000,37.000000,1,1,1,1,1,1,1,0,0,0,0,0,0,0,75,5400.235840,967,0,1,0.425000,-0.129998,-0.221999,3.120000,0.001000,0.000000,0
0.391867,5.758000,-74.445999,-34.098000,110.836998,3.414000,52.508999,145.181000,0.000000,0.000000,0.000000,0.000000,0.000000,0.000000,0.000000,266.000000,-1260.000000,179.000000,-1417.000000,203.000000,-80.000000,-32.000000,22.000000,22.000000,22.000000,22.000000,22.000000,22.000000,22.000000,34.000000,34.000000,35.000000,36.000000,36.000000,36.000000,37.000000,1,1,1,1,1,1,1,0,0,0,0,0,0,0,75,5400.235840,967,0,1,0.425000,-0.129998,-0.221999,3.120000,0.001000,0.000000,0
0.401898,5.758000,-74.445999,-34.098000,110.836998,3.414000,52.508999,145.181000,0.000000,0.000000,0.000000,0.000000,0.000000,0.000000,0.240000,263.000000,-1266.000000,185.000000,-1411.000000,198.000000,-77.000000,-53.000000,22.000000,22.000000,22.000000,22.000000,22.000000,22.000000,22.000000,34.000000,34.000000,35.000000,36.000000,36.000000,36.000000,37.000000,1,1,1,1,1,1,1,0,0,0,0,0,0,0,75,5400.235840,967,0,1,0.425000,-0.129998,-0.221999,3.120000,0.001000,0.000000,0
0.411921,5.758000,-74.445999,-34.098000,110.836998,3.414000,52.508999,145.181000,0.000000,0.000000,0.000000,0.000000,0.000000,0.000000,0.000000,263.000000,-1261.000000,192.000000,-1410.000000,205.000000,-77.000000,-33.000000,22.000000,22.000000,22.000000,22.000000,22.000000,22.000000,22.000000,34.000000,34.000000,35.000000,36.000000,36.000000,36.000000,37.000000,1,1,1,1,1,1,1,0,0,0,0,0,0,0,75,5400.235840,967,0,1,0.425000,-0.129998,-0.221999,3.120000,0.001000,0.000000,0
0.422959,5.758000,-74.445999,-34.098000,110.836998,3.414000,52.508999,145.181000,0.000000,0.000000,0.000000,0.000000,0.000000,0.000000,0.000000,264.000000,-1260.000000,192.000000,-1428.000000,206.000000,-76.000000,-45.000000,22.000000,22.000000,22.000000,22.000000,22.000000,22.000000,22.000000,34.000000,34.000000,35.000000,36.000000,36.000000,36.000000,37.000000,1,1,1,1,1,1,1,0,0,0,0,0,0,0,75,5400.235840,968,0,1,0.425000,-0.129998,-0.221999,3.120000,0.001000,0.000000,0
0.432905,5.758000,-74.445999,-34.098000,110.836998,3.414000,52.508999,145.181000,0.000000,0.000000,0.000000,0.000000,0.000000,0.000000,0.000000,265.000000,-1254.000000,183.000000,-1433.000000,211.000000,-78.000000,-47.000000,22.000000,22.000000,22.000000,22.000000,22.000000,22.000000,22.000000,34.000000,34.000000,35.000000,36.000000,36.000000,36.000000,37.000000,1,1,1,1,1,1,1,0,0,0,0,0,0,0,75,5400.235840,968,0,1,0.425000,-0.129998,-0.221999,3.120000,0.001000,0.000000,0
0.442883,5.758000,-74.445999,-34.098000,110.836998,3.414000,52.508999,145.181000,0.000000,0.000000,0.000000,0.000000,0.000000,0.000000,0.000000,265.000000,-1254.000000,197.000000,-1421.000000,204.000000,-76.000000,-32.000000,22.000000,22.000000,22.000000,22.000000,22.000000,22.000000,22.000000,34.000000,34.000000,35.000000,36.000000,36.000000,36.000000,37.000000,1,1,1,1,1,1,1,0,0,0,0,0,0,0,75,5400.235840,968,0,1,0.425000,-0.129998,-0.221999,3.120000,0.001000,0.000000,0
0.452862,5.758000,-74.445999,-34.098000,110.836998,3.414000,52.508999,145.181000,0.000000,0.000000,0.000000,0.000000,0.000000,0.000000,0.120000,262.000000,-1253.000000,170.000000,-1424.000000,204.000000,-76.000000,-42.000000,22.000000,22.000000,22.000000,22.000000,22.000000,22.000000,22.000000,34.000000,34.000000,35.000000,36.000000,36.000000,36.000000,37.000000,1,1,1,1,1,1,1,0,0,0,0,0,0,0,75,5400.235840,968,0,1,0.425000,-0.129998,-0.221999,3.120000,0.001000,0.000000,0
0.462898,5.758000,-74.445999,-34.098000,110.836998,3.414000,52.508999,145.181000,0.000000,0.000000,0.000000,0.000000,0.000000,0.000000,0.000000,261.000000,-1254.000000,160.000000,-1429.000000,208.000000,-76.000000,-35.000000,22.000000,22.000000,22.000000,22.000000,22.000000,22.000000,22.000000,34.000000,34.000000,35.000000,36.000000,36.000000,36.000000,37.000000,1,1,1,1,1,1,1,0,0,0,0,0,0,0,75,5400.235840,968,0,1,0.425000,-0.129998,-0.221999,3.120000,0.001000,0.000000,0
0.472920,5.758000,-74.445999,-34.098000,110.836998,3.414000,52.508999,145.181000,0.000000,0.000000,0.000000,0.000000,0.000000,0.000000,0.000000,257.000000,-1257.000000,171.000000,-1421.000000,205.000000,-77.000000,-35.000000,22.000000,22.000000,22.000000,22.000000,22.000000,22.000000,22.000000,34.000000,34.000000,35.000000,36.000000,36.000000,36.000000,37.000000,1,1,1,1,1,1,1,0,0,0,0,0,0,0,75,5400.235840,968,0,1,0.425000,-0.129998,-0.221999,3.120000,0.001000,0.000000,0
0.482938,5.758000,-74.445999,-34.098000,110.836998,3.414000,52.508999,145.181000,0.000000,0.000000,0.000000,0.000000,0.000000,0.000000,-0.240000,260.000000,-1249.000000,176.000000,-1422.000000,202.000000,-75.000000,-35.000000,22.000000,22.000000,22.000000,22.000000,22.000000,22.000000,22.000000,34.000000,34.000000,35.000000,36.000000,36.000000,36.000000,37.000000,1,1,1,1,1,1,1,0,0,0,0,0,0,0,75,5400.234863,968,0,1,0.425000,-0.129998,-0.221999,3.120000,0.001000,0.000000,0
0.492915,5.758000,-74.445999,-34.098000,110.836998,3.414000,52.508999,145.181000,0.000000,0.000000,0.000000,0.000000,0.000000,0.000000,0.000000,262.000000,-1251.000000,195.000000,-1422.000000,212.000000,-82.000000,-36.000000,22.000000,22.000000,22.000000,22.000000,22.000000,22.000000,22.000000,34.000000,34.000000,35.000000,36.000000,36.000000,36.000000,37.000000,1,1,1,1,1,1,1,0,0,0,0,0,0,0,75,5400.234863,968,0,1,0.425000,-0.129998,-0.221999,3.120000,0.001000,0.000000,0
0.502863,5.758000,-74.445999,-34.098000,110.836998,3.414000,52.508999,145.181000,0.000000,0.000000,0.000000,0.000000,0.000000,0.000000,-0.240000,256.000000,-1257.000000,180.000000,-1423.000000,209.000000,-80.000000,-41.000000,22.000000,22.000000,22.000000,22.000000,22.000000,22.000000,22.000000,34.000000,34.000000,35.000000,36.000000,36.000000,36.000000,37.000000,1,1,1,1,1,1,1,0,0,0,0,0,0,0,75,5400.234863,967,0,1,0.425000,-0.129998,-0.221999,3.120000,0.001000,0.000000,0
0.513006,5.758000,-74.445999,-34.098000,110.836998,3.414000,52.508999,145.181000,0.000000,0.000000,0.000000,0.000000,0.000000,0.000000,0.000000,260.000000,-1256.000000,178.000000,-1431.000000,208.000000,-73.000000,-42.000000,22.000000,22.000000,22.000000,22.000000,22.000000,22.000000,22.000000,34.000000,34.000000,35.000000,36.000000,36.000000,36.000000,37.000000,1,1,1,1,1,1,1,0,0,0,0,0,0,0,75,5400.234863,967,0,1,0.425000,-0.129998,-0.221999,3.120000,0.001000,0.000000,0
0.523131,5.758000,-74.445999,-34.098000,110.836998,3.414000,52.508999,145.181000,0.000000,0.000000,0.000000,0.000000,0.000000,0.000000,0.000000,268.000000,-1253.000000,169.000000,-1421.000000,207.000000,-77.000000,-22.000000,22.000000,22.000000,22.000000,22.000000,22.000000,22.000000,22.000000,34.000000,34.000000,35.000000,36.000000,36.000000,36.000000,37.000000,1,1,1,1,1,1,1,0,0,0,0,0,0,0,75,5400.232910,967,0,1,0.425000,-0.129998,-0.221999,3.120000,0.001000,0.000000,0
0.533978,5.758000,-74.445999,-34.098000,110.836998,3.414000,52.508999,145.181000,0.000000,0.000000,0.000000,0.000000,0.000000,0.000000,0.000000,264.000000,-1260.000000,194.000000,-1419.000000,207.000000,-75.000000,-41.000000,22.000000,22.000000,22.000000,22.000000,22.000000,22.000000,22.000000,34.000000,34.000000,35.000000,36.000000,36.000000,36.000000,37.000000,1,1,1,1,1,1,1,0,0,0,0,0,0,0,75,5400.235840,968,0,1,0.425000,-0.129998,-0.221999,3.120000,0.001000,0.000000,0
0.543872,5.758000,-74.445999,-34.098000,110.836998,3.414000,52.508999,145.181000,0.000000,0.000000,0.000000,0.000000,0.000000,0.000000,0.000000,263.000000,-1256.000000,159.000000,-1419.000000,206.000000,-78.000000,-43.000000,22.000000,22.000000,22.000000,22.000000,22.000000,22.000000,22.000000,34.000000,34.000000,35.000000,36.000000,36.000000,36.000000,37.000000,1,1,1,1,1,1,1,0,0,0,0,0,0,0,75,5400.234863,968,0,1,0.425000,-0.129998,-0.221999,3.120000,0.001000,0.000000,0
0.553887,5.758000,-74.445999,-34.098000,110.836998,3.414000,52.508999,145.181000,0.000000,0.000000,0.000000,0.000000,0.000000,0.000000,0.000000,259.000000,-1250.000000,192.000000,-1416.000000,212.000000,-80.000000,-31.000000,22.000000,22.000000,22.000000,22.000000,22.000000,22.000000,22.000000,34.000000,34.000000,35.000000,36.000000,36.000000,36.000000,37.000000,1,1,1,1,1,1,1,0,0,0,0,0,0,0,75,5400.235840,968,0,1,0.425000,-0.129998,-0.221999,3.120000,0.001000,0.000000,0
0.563917,5.758000,-74.445999,-34.098000,110.836998,3.414000,52.508999,145.181000,0.000000,0.000000,0.000000,0.000000,0.000000,0.000000,0.000000,260.000000,-1253.000000,207.000000,-1417.000000,207.000000,-74.000000,-36.000000,22.000000,22.000000,22.000000,22.000000,22.000000,22.000000,22.000000,34.000000,34.000000,35.000000,36.000000,36.000000,36.000000,37.000000,1,1,1,1,1,1,1,0,0,0,0,0,0,0,75,5400.235840,967,0,1,0.425000,-0.129998,-0.221999,3.120000,0.001000,0.000000,0
0.573964,5.758000,-74.445999,-34.098000,110.836998,3.414000,52.508999,145.181000,0.000000,0.000000,0.000000,0.000000,0.000000,0.000000,0.000000,262.000000,-1250.000000,171.000000,-1430.000000,199.000000,-74.000000,-39.000000,22.000000,22.000000,22.000000,22.000000,22.000000,22.000000,22.000000,34.000000,34.000000,35.000000,36.000000,36.000000,36.000000,37.000000,1,1,1,1,1,1,1,0,0,0,0,0,0,0,75,5400.235840,968,0,1,0.425000,-0.129998,-0.221999,3.120000,0.001000,0.000000,0
0.584079,5.701000,-74.367996,-34.160999,110.869003,3.554000,52.450001,145.042007,0.000000,0.000000,0.000000,0.000000,0.000000,0.000000,0.000000,264.000000,-1245.000000,189.000000,-1417.000000,205.000000,-71.000000,-32.000000,22.000000,22.000000,22.000000,22.000000,22.000000,22.000000,22.000000,34.000000,34.000000,35.000000,36.000000,36.000000,36.000000,37.000000,1,1,1,1,1,1,1,0,0,0,0,0,0,0,75,5400.235840,967,0,1,0.425000,-0.129998,-0.222234,3.120000,0.001000,0.000000,1
0.594008,5.701000,-74.302002,-34.187000,110.920998,3.613000,52.345001,144.987000,0.000000,0.000000,0.000000,0.000000,0.000000,0.000000,0.000000,264.000000,-1245.000000,189.000000,-1417.000000,205.000000,-71.000000,-32.000000,22.000000,22.000000,22.000000,22.000000,22.000000,22.000000,22.000000,34.000000,34.000000,35.000000,36.000000,36.000000,36.000000,37.000000,1,1,1,1,1,1,1,0,0,0,0,0,0,0,75,5400.234863,967,0,1,0.425000,-0.129998,-0.222617,3.120000,0.001000,0.000000,1
0.604108,5.719000,-74.221001,-34.209999,110.991997,3.665000,52.201000,144.938995,0.000000,0.000000,0.000000,0.000000,0.000000,0.000000,0.000000,264.000000,-1245.000000,189.000000,-1417.000000,205.000000,-71.000000,-32.000000,22.000000,22.000000,22.000000,22.000000,22.000000,22.000000,22.000000,34.000000,34.000000,35.000000,36.000000,36.000000,36.000000,37.000000,1,1,1,1,1,1,1,0,0,0,0,0,0,0,75,5400.234863,968,0,1,0.425000,-0.129998,-0.223142,3.120000,0.001000,0.000000,1
0.613925,5.738000,-74.160004,-34.223999,111.049004,3.697000,52.084999,144.910995,0.000000,0.000000,0.000000,0.000000,0.000000,0.000000,0.000000,264.000000,-1245.000000,189.000000,-1417.000000,205.000000,-71.000000,-32.000000,22.000000,22.000000,22.000000,22.000000,22.000000,22.000000,22.000000,34.000000,34.000000,35.000000,36.000000,36.000000,36.000000,37.000000,1,1,1,1,1,1,1,0,0,0,0,0,0,0,75,5400.234863,968,0,1,0.425000,-0.129998,-0.223561,3.120000,0.001000,0.000000,1
0.623894,5.787000,-74.035004,-34.248001,111.167999,3.752000,51.837002,144.863007,0.000000,0.000000,0.000000,0.000000,0.000000,0.000000,0.000000,264.000000,-1245.000000,189.000000,-1417.000000,205.000000,-71.000000,-32.000000,22.000000,22.000000,22.000000,22.000000,22.000000,22.000000,22.000000,34.000000,34.000000,35.000000,36.000000,36.000000,36.000000,37.000000,1,1,1,1,1,1,1,0,0,0,0,0,0,0,75,5400.235840,967,0,1,0.425000,-0.129998,-0.224452,3.120000,0.001000,0.000000,1
0.633763,5.858000,-73.876999,-34.273998,111.320999,3.811000,51.516998,144.813995,0.000000,0.000000,0.000000,0.000000,0.000000,0.000000,0.000000,264.000000,-1245.000000,189.000000,-1417.000000,205.000000,-71.000000,-32.000000,22.000000,22.000000,22.000000,22.000000,22.000000,22.000000,22.000000,34.000000,34.000000,35.000000,36.000000,36.000000,36.000000,37.000000,1,1,1,1,1,1,1,0,0,0,0,0,0,0,75,5400.234863,968,0,1,0.425000,-0.129998,-0.225601,3.120000,0.001000,0.000000,1
0.643897,5.974000,-73.642998,-34.306000,111.549004,3.885000,51.035000,144.753998,0.000000,0.000000,0.000000,0.000000,0.000000,0.000000,0.000000,264.000000,-1245.000000,189.000000,-1417.000000,205.000000,-71.000000,-32.000000,22.000000,22.000000,22.000000,22.000000,22.000000,22.000000,22.000000,34.000000,34.000000,35.000000,36.000000,36.000000,36.000000,37.000000,1,1,1,1,1,1,1,0,0,0,0,0,0,0,75,5400.235840,967,0,1,0.425000,-0.129998,-0.227333,3.120000,0.001000,0.000000,1
0.653908,6.099000,-73.407997,-34.334999,111.775002,3.950000,50.549000,144.703003,0.000000,0.000000,0.000000,0.000000,0.000000,0.000000,0.000000,264.000000,-1245.000000,189.000000,-1417.000000,205.000000,-71.000000,-32.000000,22.000000,22.000000,22.000000,22.000000,22.000000,22.000000,22.000000,34.000000,34.000000,35.000000,36.000000,36.000000,36.000000,37.000000,1,1,1,1,1,1,1,0,0,0,0,0,0,0,75,5400.235840,967,0,1,0.425000,-0.129998,-0.229073,3.120000,0.001000,0.000000,1
0.663897,6.250000,-73.138000,-34.366001,112.029999,4.019000,49.991001,144.651001,0.000000,0.000000,0.000000,0.000000,0.000000,0.000000,0.000000,264.000000,-1245.000000,189.000000,-1417.000000,205.000000,-71.000000,-32.000000,22.000000,22.000000,22.000000,22.000000,22.000000,22.000000,22.000000,34.000000,34.000000,35.000000,36.000000,36.000000,36.000000,37.000000,1,1,1,1,1,1,1,0,0,0,0,0,0,0,75,5400.234863,968,0,1,0.425000,-0.129999,-0.231073,3.119000,0.001000,0.000000,1
0.673897,6.425000,-72.834000,-34.400002,112.311996,4.091000,49.363998,144.598007,0.000000,0.000000,0.000000,0.000000,0.000000,0.000000,0.000000,264.000000,-1245.000000,189.000000,-1417.000000,205.000000,-71.000000,-32.000000,22.000000,22.000000,22.000000,22.000000,22.000000,22.000000,22.000000,34.000000,34.000000,35.000000,36.000000,36.000000,36.000000,37.000000,1,1,1,1,1,1,1,0,0,0,0,0,0,0,75,5400.234863,967,0,1,0.425000,-0.129998,-0.233314,3.120000,0.001000,0.000000,1
0.684011,6.625000,-72.497002,-34.436001,112.614998,4.166000,48.676998,144.544006,0.000000,0.000000,0.000000,0.000000,0.000000,0.000000,0.000000,264.000000,-1245.000000,189.000000,-1417.000000,205.000000,-71.000000,-32.000000,22.000000,22.000000,22.000000,22.000000,22.000000,22.000000,22.000000,34.000000,34.000000,35.000000,36.000000,36.000000,36.000000,37.000000,1,1,1,1,1,1,1,0,0,0,0,0,0,0,75,5400.235840,968,0,1,0.425000,-0.129998,-0.235771,3.120000,0.001000,0.000000,1
0.693924,6.893000,-72.056000,-34.483002,112.998001,4.259000,47.786999,144.477997,0.000000,0.000000,0.000000,0.000000,0.000000,0.000000,0.000000,264.000000,-1245.000000,189.000000,-1417.000000,205.000000,-71.000000,-32.000000,22.000000,22.000000,22.000000,22.000000,22.000000,22.000000,22.000000,34.000000,34.000000,35.000000,36.000000,36.000000,36.000000,37.000000,1,1,1,1,1,1,1,0,0,0,0,0,0,0,75,5400.235840,967,0,1,0.425000,-0.129998,-0.238956,3.120000,0.001000,0.000000,1
0.703969,7.138000,-71.661003,-34.526001,113.325996,4.339000,47.002998,144.423004,0.000000,0.000000,0.000000,0.000000,0.000000,0.000000,0.000000,264.000000,-1245.000000,189.000000,-1417.000000,205.000000,-71.000000,-32.000000,22.000000,22.000000,22.000000,22.000000,22.000000,22.000000,22.000000,34.000000,34.000000,35.000000,36.000000,36.000000,36.000000,37.000000,1,1,1,1,1,1,1,0,0,0,0,0,0,0,75,5400.235840,968,0,1,0.425000,-0.129998,-0.241761,3.120000,0.001000,0.000000,1
0.713861,7.398000,-71.249001,-34.571999,113.655998,4.421000,46.194000,144.367004,0.000000,0.000000,0.000000,0.000000,0.000000,0.000000,0.000000,264.000000,-1245.000000,189.000000,-1417.000000,205.000000,-71.000000,-32.000000,22.000000,22.000000,22.000000,22.000000,22.000000,22.000000,22.000000,34.000000,34.000000,35.000000,36.000000,36.000000,36.000000,37.000000,1,1,1,1,1,1,1,0,0,0,0,0,0,0,75,5400.235840,968,0,1,0.425000,-0.129998,-0.244654,3.120000,0.001000,0.000000,1
0.723913,7.559000,-70.996002,-34.601002,113.852997,4.470000,45.702999,144.332993,0.000000,0.000000,0.000000,0.000000,0.000000,0.000000,0.000000,264.000000,-1245.000000,189.000000,-1417.000000,205.000000,-71.000000,-32.000000,22.000000,22.000000,22.000000,22.000000,22.000000,22.000000,22.000000,34.000000,34.000000,35.000000,36.000000,36.000000,36.000000,37.000000,1,1,1,1,1,1,1,0,0,0,0,0,0,0,75,5400.235840,968,0,1,0.425000,-0.129998,-0.246412,3.120000,0.001000,0.000000,1
0.733892,7.834000,-70.568001,-34.652000,114.171997,4.552000,44.883999,144.276993,0.000000,0.000000,0.000000,0.000000,0.000000,0.000000,0.000000,264.000000,-1245.000000,189.000000,-1417.000000,205.000000,-71.000000,-32.000000,22.000000,22.000000,22.000000,22.000000,22.000000,22.000000,22.000000,34.000000,34.000000,35.000000,36.000000,36.000000,36.000000,37.000000,1,1,1,1,1,1,1,0,0,0,0,0,0,0,75,5400.235840,967,0,1,0.425000,-0.129999,-0.249345,3.120000,0.001000,0.000000,1
0.743915,8.113000,-70.139999,-34.705002,114.478996,4.635000,44.076000,144.220993,0.000000,0.000000,0.000000,0.000000,0.000000,0.000000,0.000000,264.000000,-1245.000000,189.000000,-1417.000000,205.000000,-71.000000,-32.000000,22.000000,22.000000,22.000000,22.000000,22.000000,22.000000,22.000000,34.000000,34.000000,35.000000,36.000000,36.000000,36.000000,37.000000,1,1,1,1,1,1,1,0,0,0,0,0,0,0,75,5400.235840,968,0,1,0.424999,-0.129998,-0.252238,3.120000,0.001000,0.000000,1
0.753988,8.389000,-69.718002,-34.759998,114.766998,4.717000,43.293999,144.164001,0.000000,0.000000,0.000000,0.000000,0.000000,0.000000,0.000000,264.000000,-1245.000000,189.000000,-1417.000000,205.000000,-71.000000,-32.000000,22.000000,22.000000,22.000000,22.000000,22.000000,22.000000,22.000000,34.000000,34.000000,35.000000,36.000000,36.000000,36.000000,37.000000,1,1,1,1,1,1,1,0,0,0,0,0,0,0,75,5400.235840,968,0,1,0.424999,-0.129998,-0.255042,3.120000,0.001000,0.000000,1
0.763892,8.710000,-69.232002,-34.827000,115.084999,4.813000,42.408001,144.098007,0.000000,0.000000,0.000000,0.000000,0.000000,0.000000,0.000000,264.000000,-1245.000000,189.000000,-1417.000000,205.000000,-71.000000,-32.000000,22.000000,22.000000,22.000000,22.000000,22.000000,22.000000,22.000000,34.000000,34.000000,35.000000,36.000000,36.000000,36.000000,37.000000,1,1,1,1,1,1,1,0,0,0,0,0,0,0,75,5400.235840,967,0,1,0.425000,-0.129999,-0.258228,3.120000,0.001000,0.000000,1
0.773894,8.961000,-68.851997,-34.882000,115.321999,4.890000,41.723999,144.042999,0.000000,0.000000,0.000000,0.000000,0.000000,0.000000,0.000000,264.000000,-1245.000000,189.000000,-1417.000000,205.000000,-71.000000,-32.000000,22.000000,22.000000,22.000000,22.000000,22.000000,22.000000,22.000000,34.000000,34.000000,35.000000,36.000000,36.000000,36.000000,37.000000,1,1,1,1,1,1,1,0,0,0,0,0,0,0,75,5400.235840,967,0,1,0.424999,-0.129998,-0.260685,3.120000,0.001000,0.000000,1
0.784098,9.194000,-68.500000,-34.936001,115.531998,4.965000,41.102001,143.988998,0.000000,0.000000,0.000000,0.000000,0.000000,0.000000,0.000000,264.000000,-1245.000000,189.000000,-1417.000000,205.000000,-71.000000,-32.000000,22.000000,22.000000,22.000000,22.000000,22.000000,22.000000,22.000000,34.000000,34.000000,35.000000,36.000000,36.000000,36.000000,37.000000,1,1,1,1,1,1,1,0,0,0,0,0,0,0,75,5400.235840,967,0,1,0.425000,-0.129999,-0.262926,3.119000,0.001000,0.000000,1
0.794114,9.442000,-68.123001,-34.995998,115.749001,5.051000,40.445999,143.925003,0.000000,0.000000,0.000000,0.000000,0.000000,0.000000,0.000000,264.000000,-1245.000000,189.000000,-1417.000000,205.000000,-71.000000,-32.000000,22.000000,22.000000,22.000000,22.000000,22.000000,22.000000,22.000000,34.000000,34.000000,35.000000,36.000000,36.000000,36.000000,37.000000,1,1,1,1,1,1,1,0,0,0,0,0,0,0,75,5400.235840,967,0,1,0.425000,-0.129998,-0.265295,3.120000,0.001000,0.000000,1
0.803946,9.618000,-67.850998,-35.042999,115.899002,5.120000,39.980000,143.873001,0.000000,0.000000,0.000000,0.000000,0.000000,0.000000,0.000000,264.000000,-1245.000000,189.000000,-1417.000000,205.000000,-71.000000,-32.000000,22.000000,22.000000,22.000000,22.000000,22.000000,22.000000,22.000000,34.000000,34.000000,35.000000,36.000000,36.000000,36.000000,37.000000,1,1,1,1,1,1,1,0,0,0,0,0,0,0,75,5400.235840,968,0,1,0.425000,-0.129999,-0.266982,3.120000,0.001000,0.000000,1
0.813939,9.766000,-67.619003,-35.084999,116.023003,5.184000,39.589001,143.822998,0.000000,0.000000,0.000000,0.000000,0.000000,0.000000,0.000000,264.000000,-1245.000000,189.000000,-1417.000000,205.000000,-71.000000,-32.000000,22.000000,22.000000,22.000000,22.000000,22.000000,22.000000,22.000000,34.000000,34.000000,35.000000,36.000000,36.000000,36.000000,37.000000,1,1,1,1,1,1,1,0,0,0,0,0,0,0,75,5400.235840,968,0,1,0.424999,-0.129998,-0.268398,3.120000,0.001000,0.000000,1
0.823944,9.840000,-67.499001,-35.106998,116.084999,5.221000,39.390999,143.792999,0.000000,0.000000,0.000000,0.000000,0.000000,0.000000,0.000000,264.000000,-1245.000000,189.000000,-1417.000000,205.000000,-71.000000,-32.000000,22.000000,22.000000,22.000000,22.000000,22.000000,22.000000,22.000000,34.000000,34.000000,35.000000,36.000000,36.000000,36.000000,37.000000,1,1,1,1,1,1,1,0,0,0,0,0,0,0,75,5400.232910,968,0,1,0.424999,-0.129999,-0.269119,3.120000,0.001000,0.000000,1
0.833928,9.939000,-67.331001,-35.140999,116.168999,5.280000,39.118000,143.744995,0.000000,0.000000,0.000000,0.000000,0.000000,0.000000,0.000000,264.000000,-1245.000000,189.000000,-1417.000000,205.000000,-71.000000,-32.000000,22.000000,22.000000,22.000000,22.000000,22.000000,22.000000,22.000000,34.000000,34.000000,35.000000,36.000000,36.000000,36.000000,37.000000,1,1,1,1,1,1,1,0,0,0,0,0,0,0,75,5400.235840,966,0,1,0.425000,-0.129998,-0.270111,3.120000,0.001000,0.000000,1
0.843967,10.009000,-67.200996,-35.168999,116.232002,5.335000,38.914001,143.697998,0.000000,0.000000,0.000000,0.000000,0.000000,0.000000,0.000000,264.000000,-1245.000000,189.000000,-1417.000000,205.000000,-71.000000,-32.000000,22.000000,22.000000,22.000000,22.000000,22.000000,22.000000,22.000000,34.000000,34.000000,35.000000,36.000000,36.000000,36.000000,37.000000,1,1,1,1,1,1,1,0,0,0,0,0,0,0,75,5400.235840,967,0,1,0.425000,-0.129999,-0.270857,3.120000,0.001000,0.000000,1
0.854075,10.059000,-67.091003,-35.196999,116.282997,5.398000,38.749001,143.643005,0.000000,0.000000,0.000000,0.000000,0.000000,0.000000,0.000000,264.000000,-1245.000000,189.000000,-1417.000000,205.000000,-71.000000,-32.000000,22.000000,22.000000,22.000000,22.000000,22.000000,22.000000,22.000000,34.000000,34.000000,35.000000,36.000000,36.000000,36.000000,37.000000,1,1,1,1,1,1,1,0,0,0,0,0,0,0,75,5400.235840,968,0,1,0.424999,-0.129998,-0.271463,3.120000,0.001000,0.000000,1
0.863916,10.076000,-67.030998,-35.215000,116.307999,5.447000,38.667999,143.598007,0.000000,0.000000,0.000000,0.000000,0.000000,0.000000,0.000000,264.000000,-1245.000000,189.000000,-1417.000000,205.000000,-71.000000,-32.000000,22.000000,22.000000,22.000000,22.000000,22.000000,22.000000,22.000000,34.000000,34.000000,35.000000,36.000000,36.000000,36.000000,37.000000,1,1,1,1,1,1,1,0,0,0,0,0,0,0,75,5400.237793,968,0,1,0.425000,-0.129999,-0.271765,3.120000,0.001000,0.000000,1
0.873932,10.076000,-66.992996,-35.230000,116.320999,5.495000,38.625999,143.554001,0.000000,0.000000,0.000000,0.000000,0.000000,0.000000,0.000000,264.000000,-1245.000000,189.000000,-1417.000000,205.000000,-71.000000,-32.000000,22.000000,22.000000,22.000000,22.000000,22.000000,22.000000,22.000000,34.000000,34.000000,35.000000,36.000000,36.000000,36.000000,37.000000,1,1,1,1,1,1,1,0,0,0,0,0,0,0,75,5400.237793,967,0,1,0.425000,-0.129999,-0.271925,3.119000,0.001000,0.000000,1
0.884108,10.060000,-66.967003,-35.245998,116.325996,5.550000,38.611000,143.501999,0.000000,0.000000,0.000000,0.000000,0.000000,0.000000,0.000000,264.000000,-1245.000000,189.000000,-1417.000000,205.000000,-71.000000,-32.000000,22.000000,22.000000,22.000000,22.000000,22.000000,22.000000,22.000000,34.000000,34.000000,35.000000,36.000000,36.000000,36.000000,37.000000,1,1,1,1,1,1,1,0,0,0,0,0,0,0,75,5400.235840,967,0,1,0.425000,-0.129999,-0.271992,3.120000,0.001000,0.000000,1
0.893939,10.053000,-66.960999,-35.250000,116.327003,5.568000,38.610001,143.485001,0.000000,0.000000,0.000000,0.000000,0.000000,0.000000,0.000000,264.000000,-1245.000000,189.000000,-1417.000000,205.000000,-71.000000,-32.000000,22.000000,22.000000,22.000000,22.000000,22.000000,22.000000,22.000000,34.000000,34.000000,35.000000,36.000000,36.000000,36.000000,37.000000,1,1,1,1,1,1,1,0,0,0,0,0,0,0,75,5400.235840,967,0,1,0.425000,-0.129999,-0.271997,3.120000,0.001000,0.000000,1
0.903963,10.034000,-66.947998,-35.261002,116.327003,5.613000,38.612999,143.442001,0.000000,0.000000,0.000000,0.000000,0.000000,0.000000,0.000000,264.000000,-1245.000000,189.000000,-1417.000000,205.000000,-71.000000,-32.000000,22.000000,22.000000,22.000000,22.000000,22.000000,22.000000,22.000000,34.000000,34.000000,35.000000,36.000000,36.000000,36.000000,37.000000,1,1,1,1,1,1,1,0,0,0,0,0,0,0,75,5400.235840,967,0,1,0.425003,-0.129999,-0.272000,3.119000,0.001000,0.000000,1
0.913963,10.022000,-66.939003,-35.266998,116.324997,5.640000,38.613998,143.417007,0.000000,0.000000,0.000000,0.000000,0.000000,0.000000,0.000000,264.000000,-1245.000000,189.000000,-1417.000000,205.000000,-71.000000,-32.000000,22.000000,22.000000,22.000000,22.000000,22.000000,22.000000,22.000000,34.000000,34.000000,35.000000,36.000000,36.000000,36.000000,37.000000,1,1,1,1,1,1,1,0,0,0,0,0,0,0,75,5400.234863,967,0,1,0.425018,-0.129999,-0.271999,3.119000,0.001000,0.000000,1
0.923951,10.002000,-66.921997,-35.271999,116.316002,5.689000,38.613998,143.378998,0.000000,0.000000,0.000000,0.000000,0.000000,0.000000,0.000000,264.000000,-1245.000000,189.000000,-1417.000000,205.000000,-71.000000,-32.000000,22.000000,22.000000,22.000000,22.000000,22.000000,22.000000,22.000000,34.000000,34.000000,35.000000,36.000000,36.000000,36.000000,37.000000,1,1,1,1,1,1,1,0,0,0,0,0,0,0,75,5400.235840,968,0,1,0.425103,-0.129998,-0.272000,3.119000,0.001000,0.000000,1
0.933918,9.977000,-66.891998,-35.264999,116.289001,5.756000,38.610001,143.341003,0.000000,0.000000,0.000000,0.000000,0.000000,0.000000,0.000000,264.000000,-1245.000000,189.000000,-1417.000000,205.000000,-71.000000,-32.000000,22.000000,22.000000,22.000000,22.000000,22.000000,22.000000,22.000000,34.000000,34.000000,35.000000,36.000000,36.000000,36.000000,37.000000,1,1,1,1,1,1,1,0,0,0,0,0,0,0,75,5400.237793,968,0,1,0.425366,-0.129998,-0.272000,3.119000,0.001000,0.000000,1
0.943903,9.956000,-66.857002,-35.244999,116.248001,5.822000,38.599998,143.317993,0.000000,0.000000,0.000000,0.000000,0.000000,0.000000,0.000000,264.000000,-1245.000000,189.000000,-1417.000000,205.000000,-71.000000,-32.000000,22.000000,22.000000,22.000000,22.000000,22.000000,22.000000,22.000000,34.000000,34.000000,35.000000,36.000000,36.000000,36.000000,37.000000,1,1,1,1,1,1,1,0,0,0,0,0,0,0,75,5400.235840,967,0,1,0.425774,-0.129999,-0.271999,3.119000,0.000000,0.000000,1
0.953903,9.934000,-66.810997,-35.208000,116.185997,5.898000,38.584000,143.306000,0.000000,0.000000,0.000000,0.000000,0.000000,0.000000,0.000000,264.000000,-1245.000000,189.000000,-1417.000000,205.000000,-71.000000,-32.000000,22.000000,22.000000,22.000000,22.000000,22.000000,22.000000,22.000000,34.000000,34.000000,35.000000,36.000000,36.000000,36.000000,37.000000,1,1,1,1,1,1,1,0,0,0,0,0,0,0,75,5400.234863,968,0,1,0.426395,-0.129999,-0.272000,3.119000,0.000000,0.000000,1
0.963930,9.920000,-66.777000,-35.176998,116.137001,5.949000,38.570999,143.304993,0.000000,0.000000,0.000000,0.000000,0.000000,0.000000,0.000000,264.000000,-1245.000000,189.000000,-1417.000000,205.000000,-71.000000,-32.000000,22.000000,22.000000,22.000000,22.000000,22.000000,22.000000,22.000000,34.000000,34.000000,35.000000,36.000000,36.000000,36.000000,37.000000,1,1,1,1,1,1,1,0,0,0,0,0,0,0,75,5400.235840,968,0,1,0.426884,-0.129998,-0.271999,3.119000,0.000000,0.000000,1
0.974021,9.915000,-66.764000,-35.165001,116.119003,5.967000,38.566002,143.306000,0.000000,0.000000,0.000000,0.000000,0.000000,0.000000,0.000000,264.000000,-1245.000000,189.000000,-1417.000000,205.000000,-71.000000,-32.000000,22.000000,22.000000,22.000000,22.000000,22.000000,22.000000,22.000000,34.000000,34.000000,35.000000,36.000000,36.000000,36.000000,37.000000,1,1,1,1,1,1,1,0,0,0,0,0,0,0,75,5400.237793,967,0,1,0.427067,-0.129998,-0.272000,3.119000,-0.001000,0.000000,1
0.983913,9.885000,-66.678001,-35.076000,115.986000,6.087000,38.528999,143.320007,0.000000,0.000000,0.000000,0.000000,0.000000,0.000000,0.000000,264.000000,-1245.000000,189.000000,-1417.000000,205.000000,-71.000000,-32.000000,22.000000,22.000000,22.000000,22.000000,22.000000,22.000000,22.000000,34.000000,34.000000,35.000000,36.000000,36.000000,36.000000,37.000000,1,1,1,1,1,1,1,0,0,0,0,0,0,0,75,5400.237793,968,0,1,0.428387,-0.129998,-0.271999,3.118000,-0.003000,0.000000,1
0.993915,9.860000,-66.588997,-34.980000,115.846001,6.202000,38.487999,143.347000,0.000000,0.000000,0.000000,0.000000,0.000000,0.000000,0.000000,264.000000,-1245.000000,189.000000,-1417.000000,205.000000,-71.000000,-32.000000,22.000000,22.000000,22.000000,22.000000,22.000000,22.000000,22.000000,34.000000,34.000000,35.000000,36.000000,36.000000,36.000000,37.000000,1,1,1,1,1,1,1,0,0,0,0,0,0,0,75,5400.235840,968,0,1,0.429784,-0.129998,-0.272000,3.118000,-0.005000,0.000000,1
1.003926,9.828000,-66.462997,-34.839001,115.641998,6.356000,38.428001,143.395996,0.000000,0.000000,0.000000,0.000000,0.000000,0.000000,0.000000,264.000000,-1245.000000,189.000000,-1417.000000,205.000000,-71.000000,-32.000000,22.000000,22.000000,22.000000,22.000000,22.000000,22.000000,22.000000,34.000000,34.000000,35.000000,36.000000,36.000000,36.000000,37.000000,1,1,1,1,1,1,1,0,0,0,0,0,0,0,75,5400.234863,967,0,1,0.431811,-0.129999,-0.272000,3.117000,-0.008000,0.000000,1
1.013939,9.817000,-66.416000,-34.785999,115.566002,6.411000,38.404999,143.417007,0.000000,0.000000,0.000000,0.000000,0.000000,0.000000,0.000000,264.000000,-1245.000000,189.000000,-1417.000000,205.000000,-71.000000,-32.000000,22.000000,22.000000,22.000000,22.000000,22.000000,22.000000,22.000000,34.000000,34.000000,35.000000,36.000000,36.000000,36.000000,37.000000,1,1,1,1,1,1,1,0,0,0,0,0,0,0,75,5400.235840,968,0,1,0.432568,-0.129998,-0.272000,3.117000,-0.009000,0.000000,1
1.023918,9.795000,-66.316002,-34.671001,115.402000,6.526000,38.355000,143.462997,0.000000,0.000000,0.000000,0.000000,0.000000,0.000000,0.000000,264.000000,-1245.000000,189.000000,-1417.000000,205.000000,-71.000000,-32.000000,22.000000,22.000000,22.000000,22.000000,22.000000,22.000000,22.000000,34.000000,34.000000,35.000000,36.000000,36.000000,36.000000,37.000000,1,1,1,1,1,1,1,0,0,0,0,0,0,0,75,5400.235840,968,0,1,0.434195,-0.129999,-0.272000,3.116000,-0.012000,0.000000,1
1.033940,9.761000,-66.151001,-34.483002,115.130997,6.710000,38.271000,143.544998,0.000000,0.000000,0.000000,0.000000,0.000000,0.000000,0.000000,264.000000,-1245.000000,189.000000,-1417.000000,205.000000,-71.000000,-32.000000,22.000000,22.000000,22.000000,22.000000,22.000000,22.000000,22.000000,34.000000,34.000000,35.000000,36.000000,36.000000,36.000000,37.000000,1,1,1,1,1,1,1,0,0,0,0,0,0,0,75,5400.235840,968,0,1,0.436886,-0.129998,-0.272000,3.115000,-0.016000,0.000000,1
1.043952,9.749000,-66.093002,-34.416000,115.033997,6.774000,38.241001,143.574997,0.000000,0.000000,0.000000,0.000000,0.000000,0.000000,0.000000,264.000000,-1245.000000,189.000000,-1417.000000,205.000000,-71.000000,-32.000000,22.000000,22.000000,22.000000,22.000000,22.000000,22.000000,22.000000,34.000000,34.000000,35.000000,36.000000,36.000000,36.000000,37.000000,1,1,1,1,1,1,1,0,0,0,0,0,0,0,75,5400.235840,967,0,1,0.437840,-0.129999,-0.271999,3.115000,-0.017000,0.000000,1
1.053958,9.704000,-65.846001,-34.136002,114.625999,7.037000,38.111000,143.705002,0.000000,0.000000,0.000000,0.000000,0.000000,0.000000,0.000000,264.000000,-1245.000000,189.000000,-1417.000000,205.000000,-71.000000,-32.000000,22.000000,22.000000,22.000000,22.000000,22.000000,22.000000,22.000000,34.000000,34.000000,35.000000,36.000000,36.000000,36.000000,37.000000,1,1,1,1,1,1,1,0,0,0,0,0,0,0,75,5400.235840,968,0,1,0.441860,-0.129998,-0.271999,3.114000,-0.024000,0.000000,1
1.063905,9.687000,-65.749001,-34.028999,114.467003,7.137000,38.060001,143.755997,0.000000,0.000000,0.000000,0.000000,0.000000,0.000000,0.000000,264.000000,-1245.000000,189.000000,-1417.000000,205.000000,-71.000000,-32.000000,22.000000,22.000000,22.000000,22.000000,22.000000,22.000000,22.000000,34.000000,34.000000,35.000000,36.000000,36.000000,36.000000,37.000000,1,1,1,1,1,1,1,0,0,0,0,0,0,0,75,5400.235840,967,0,1,0.443424,-0.129998,-0.272000,3.113000,-0.026000,0.000000,1
1.074919,9.676000,-65.683998,-33.956001,114.360001,7.204000,38.025002,143.791000,0.000000,0.000000,0.000000,0.000000,0.000000,0.000000,0.000000,264.000000,-1245.000000,189.000000,-1417.000000,205.000000,-71.000000,-32.000000,22.000000,22.000000,22.000000,22.000000,22.000000,22.000000,22.000000,34.000000,34.000000,35.000000,36.000000,36.000000,36.000000,37.000000,1,1,1,1,1,1,1,0,0,0,0,0,0,0,75,5400.235840,968,0,1,0.444474,-0.129998,-0.272000,3.113000,-0.028000,0.000000,1
1.084964,9.648000,-65.453003,-33.716000,113.973000,7.442000,37.909000,143.917999,0.000000,0.000000,0.000000,0.000000,0.000000,0.000000,0.000000,264.000000,-1245.000000,189.000000,-1417.000000,205.000000,-71.000000,-32.000000,22.000000,22.000000,22.000000,22.000000,22.000000,22.000000,22.000000,34.000000,34.000000,35.000000,36.000000,36.000000,36.000000,37.000000,1,1,1,1,1,1,1,0,0,0,0,0,0,0,75,5400.234863,968,0,1,0.448175,-0.129999,-0.271999,3.112000,-0.033000,0.000000,1
1.094953,9.630000,-65.285004,-33.546001,113.693001,7.612000,37.823002,144.009995,0.000000,0.000000,0.000000,0.000000,0.000000,0.000000,0.000000,264.000000,-1245.000000,189.000000,-1417.000000,205.000000,-71.000000,-32.000000,22.000000,22.000000,22.000000,22.000000,22.000000,22.000000,22.000000,34.000000,34.000000,35.000000,36.000000,36.000000,36.000000,37.000000,1,1,1,1,1,1,1,0,0,0,0,0,0,0,75,5400.235840,967,0,1,0.450854,-0.129999,-0.271999,3.111000,-0.038000,0.000000,1
1.104853,9.609000,-65.081001,-33.339001,113.351997,7.819000,37.710999,144.123001,0.000000,0.000000,0.000000,0.000000,0.000000,0.000000,0.000000,264.000000,-1245.000000,189.000000,-1417.000000,205.000000,-71.000000,-32.000000,22.000000,22.000000,22.000000,22.000000,22.000000,22.000000,22.000000,34.000000,34.000000,35.000000,36.000000,36.000000,36.000000,37.000000,1,1,1,1,1,1,1,0,0,0,0,0,0,0,75,5400.234863,968,0,1,0.454144,-0.129999,-0.271999,3.110000,-0.043000,0.000000,1
1.114992,9.592000,-64.905998,-33.162998,113.061996,7.994000,37.606998,144.220993,0.000000,0.000000,0.000000,0.000000,0.000000,0.000000,0.000000,264.000000,-1245.000000,189.000000,-1417.000000,205.000000,-71.000000,-32.000000,22.000000,22.000000,22.000000,22.000000,22.000000,22.000000,22.000000,34.000000,34.000000,35.000000,36.000000,36.000000,36.000000,37.000000,1,1,1,1,1,1,1,0,0,0,0,0,0,0,75,5400.235840,967,0,1,0.456980,-0.129999,-0.271999,3.109000,-0.047000,-0.001000,1
1.124943,9.576000,-64.726997,-32.980999,112.765999,8.172000,37.492001,144.322998,0.000000,0.000000,0.000000,0.000000,0.000000,0.000000,0.000000,264.000000,-1245.000000,189.000000,-1417.000000,205.000000,-71.000000,-32.000000,22.000000,22.000000,22.000000,22.000000,22.000000,22.000000,22.000000,34.000000,34.000000,35.000000,36.000000,36.000000,36.000000,37.000000,1,1,1,1,1,1,1,0,0,0,0,0,0,0,75,5400.235840,967,0,1,0.459925,-0.129999,-0.272000,3.108000,-0.052000,-0.001000,1
1.134888,9.566000,-64.616997,-32.868999,112.584999,8.282000,37.416000,144.386002,0.000000,0.000000,0.000000,0.000000,0.000000,0.000000,0.000000,264.000000,-1245.000000,189.000000,-1417.000000,205.000000,-71.000000,-32.000000,22.000000,22.000000,22.000000,22.000000,22.000000,22.000000,22.000000,34.000000,34.000000,35.000000,36.000000,36.000000,36.000000,37.000000,1,1,1,1,1,1,1,0,0,0,0,0,0,0,75,5400.235840,967,0,1,0.461755,-0.129998,-0.272000,3.107000,-0.055000,-0.001000,1
1.144897,9.554000,-64.468002,-32.716000,112.338997,8.430000,37.305000,144.473007,0.000000,0.000000,0.000000,0.000000,0.000000,0.000000,0.000000,264.000000,-1245.000000,189.000000,-1417.000000,205.000000,-71.000000,-32.000000,22.000000,22.000000,22.000000,22.000000,22.000000,22.000000,22.000000,34.000000,34.000000,35.000000,36.000000,36.000000,36.000000,37.000000,1,1,1,1,1,1,1,0,0,0,0,0,0,0,75,5400.237793,968,0,1,0.464277,-0.129999,-0.271999,3.107000,-0.059000,-0.001000,1
1.154899,9.537000,-64.235001,-32.476002,111.959000,8.661000,37.118000,144.610992,0.000000,0.000000,0.000000,0.000000,0.000000,0.000000,0.000000,264.000000,-1245.000000,189.000000,-1417.000000,205.000000,-71.000000,-32.000000,22.000000,22.000000,22.000000,22.000000,22.000000,22.000000,22.000000,34.000000,34.000000,35.000000,36.000000,36.000000,36.000000,37.000000,1,1,1,1,1,1,1,0,0,0,0,0,0,0,75,5400.234863,967,0,1,0.468260,-0.129998,-0.272000,3.105000,-0.066000,-0.002000,1
1.164857,9.524000,-64.031998,-32.265999,111.630997,8.861000,36.939999,144.733002,0.000000,0.000000,0.000000,0.000000,0.000000,0.000000,0.000000,264.000000,-1245.000000,189.000000,-1417.000000,205.000000,-71.000000,-32.000000,22.000000,22.000000,22.000000,22.000000,22.000000,22.000000,22.000000,34.000000,34.000000,35.000000,36.000000,36.000000,36.000000,37.000000,1,1,1,1,1,1,1,0,0,0,0,0,0,0,75,5400.234863,968,0,1,0.471783,-0.129998,-0.272000,3.104000,-0.072000,-0.002000,1
1.174870,9.512000,-63.820000,-32.046001,111.291000,9.068000,36.738998,144.860992,0.000000,0.000000,0.000000,0.000000,0.000000,0.000000,0.000000,264.000000,-1245.000000,189.000000,-1417.000000,205.000000,-71.000000,-32.000000,22.000000,22.000000,22.000000,22.000000,22.000000,22.000000,22.000000,34.000000,34.000000,35.000000,36.000000,36.000000,36.000000,37.000000,1,1,1,1,1,1,1,0,0,0,0,0,0,0,75,5400.235840,968,0,1,0.475511,-0.129999,-0.271999,3.103000,-0.078000,-0.002000,1
1.184894,9.502000,-63.598000,-31.815001,110.939003,9.284000,36.513000,144.996994,0.000000,0.000000,0.000000,0.000000,0.000000,0.000000,0.000000,264.000000,-1245.000000,189.000000,-1417.000000,205.000000,-71.000000,-32.000000,22.000000,22.000000,22.000000,22.000000,22.000000,22.000000,22.000000,34.000000,34.000000,35.000000,36.000000,36.000000,36.000000,37.000000,1,1,1,1,1,1,1,0,0,0,0,0,0,0,75,5400.237793,967,0,1,0.479460,-0.129998,-0.272000,3.102000,-0.085000,-0.003000,1
1.194922,9.497000,-63.459999,-31.671000,110.720001,9.417000,36.365002,145.082001,0.000000,0.000000,0.000000,0.000000,0.000000,0.000000,0.000000,264.000000,-1245.000000,189.000000,-1417.000000,205.000000,-71.000000,-32.000000,22.000000,22.000000,22.000000,22.000000,22.000000,22.000000,22.000000,34.000000,34.000000,35.000000,36.000000,36.000000,36.000000,37.000000,1,1,1,1,1,1,1,0,0,0,0,0,0,0,75,5400.237793,968,0,1,0.481940,-0.129999,-0.271999,3.101000,-0.090000,-0.003000,1
1.204799,9.492000,-63.317001,-31.524000,110.497002,9.553000,36.207001,145.169998,0.000000,0.000000,0.000000,0.000000,0.000000,0.000000,0.000000,264.000000,-1245.000000,189.000000,-1417.000000,205.000000,-71.000000,-32.000000,22.000000,22.000000,22.000000,22.000000,22.000000,22.000000,22.000000,34.000000,34.000000,35.000000,36.000000,36.000000,36.000000,37.000000,1,1,1,1,1,1,1,0,0,0,0,0,0,0,75,5400.235840,967,0,1,0.484508,-0.129999,-0.272000,3.100000,-0.094000,-0.003000,1
1.214854,9.486000,-63.067001,-31.268000,110.112999,9.787000,35.921001,145.322998,0.000000,0.000000,0.000000,0.000000,0.000000,0.000000,0.000000,264.000000,-1245.000000,189.000000,-1417.000000,205.000000,-71.000000,-32.000000,22.000000,22.000000,22.000000,22.000000,22.000000,22.000000,22.000000,34.000000,34.000000,35.000000,36.000000,36.000000,36.000000,37.000000,1,1,1,1,1,1,1,0,0,0,0,0,0,0,75,5400.232910,967,0,1,0.488988,-0.129999,-0.272000,3.098000,-0.102000,-0.004000,1
1.224841,9.481000,-62.749001,-30.945999,109.630997,10.080000,35.535999,145.516998,0.000000,0.000000,0.000000,0.000000,0.000000,0.000000,0.000000,264.000000,-1245.000000,189.000000,-1417.000000,205.000000,-71.000000,-32.000000,22.000000,22.000000,22.000000,22.000000,22.000000,22.000000,22.000000,34.000000,34.000000,35.000000,36.000000,36.000000,36.000000,37.000000,1,1,1,1,1,1,1,0,0,0,0,0,0,0,75,5400.237793,967,0,1,0.494705,-0.129999,-0.272000,3.096000,-0.112000,-0.004000,1
1.234826,9.480000,-62.465000,-30.665001,109.210999,10.333000,35.181000,145.688004,0.000000,0.000000,0.000000,0.000000,0.000000,0.000000,0.000000,264.000000,-1245.000000,189.000000,-1417.000000,205.000000,-71.000000,-32.000000,22.000000,22.000000,22.000000,22.000000,22.000000,22.000000,22.000000,34.000000,34.000000,35.000000,36.000000,36.000000,36.000000,37.000000,1,1,1,1,1,1,1,0,0,0,0,0,0,0,75,5400.234863,967,0,1,0.499760,-0.129998,-0.272000,3.095000,-0.122000,-0.004000,1
1.244842,9.482000,-62.164001,-30.372000,108.773003,10.594000,34.792999,145.867004,0.000000,0.000000,0.000000,0.000000,0.000000,0.000000,0.000000,264.000000,-1245.000000,189.000000,-1417.000000,205.000000,-71.000000,-32.000000,22.000000,22.000000,22.000000,22.000000,22.000000,22.000000,22.000000,34.000000,34.000000,35.000000,36.000000,36.000000,36.000000,37.000000,1,1,1,1,1,1,1,0,0,0,0,0,0,0,75,5400.234863,967,0,1,0.505084,-0.129999,-0.271999,3.093000,-0.131000,-0.005000,1
1.255019,9.487000,-61.844002,-30.069000,108.317001,10.864000,34.370998,146.054001,0.000000,0.000000,0.000000,0.000000,0.000000,0.000000,0.000000,264.000000,-1245.000000,189.000000,-1417.000000,205.000000,-71.000000,-32.000000,22.000000,22.000000,22.000000,22.000000,22.000000,22.000000,22.000000,34.000000,34.000000,35.000000,36.000000,36.000000,36.000000,37.000000,1,1,1,1,1,1,1,0,0,0,0,0,0,0,75,5400.234863,968,0,1,0.510679,-0.129998,-0.272000,3.091000,-0.142000,-0.005000,1
1.264869,9.492000,-61.641998,-29.882000,108.032997,11.029000,34.101002,146.169998,0.000000,0.000000,0.000000,0.000000,0.000000,0.000000,0.000000,264.000000,-1245.000000,189.000000,-1417.000000,205.000000,-71.000000,-32.000000,22.000000,22.000000,22.000000,22.000000,22.000000,22.000000,22.000000,34.000000,34.000000,35.000000,36.000000,36.000000,36.000000,37.000000,1,1,1,1,1,1,1,0,0,0,0,0,0,0,75,5400.235840,967,0,1,0.514166,-0.129998,-0.272000,3.090000,-0.148000,-0.006000,1
1.274919,9.498000,-61.431999,-29.691999,107.742996,11.197000,33.819000,146.287994,0.000000,0.000000,0.000000,0.000000,0.000000,0.000000,0.000000,264.000000,-1245.000000,189.000000,-1417.000000,205.000000,-71.000000,-32.000000,22.000000,22.000000,22.000000,22.000000,22.000000,22.000000,22.000000,34.000000,34.000000,35.000000,36.000000,36.000000,36.000000,37.000000,1,1,1,1,1,1,1,0,0,0,0,0,0,0,75,5400.235840,968,0,1,0.517749,-0.129998,-0.272000,3.088000,-0.155000,-0.006000,1
1.285113,9.508000,-61.139999,-29.433001,107.344002,11.424000,33.424000,146.449997,0.000000,0.000000,0.000000,0.000000,0.000000,0.000000,0.000000,264.000000,-1245.000000,189.000000,-1417.000000,205.000000,-71.000000,-32.000000,22.000000,22.000000,22.000000,22.000000,22.000000,22.000000,22.000000,34.000000,34.000000,35.000000,36.000000,36.000000,36.000000,37.000000,1,1,1,1,1,1,1,0,0,0,0,0,0,0,75,5400.235840,968,0,1,0.522676,-0.129998,-0.272000,3.087000,-0.164000,-0.006000,1
1.294963,9.524000,-60.754002,-29.101999,106.827003,11.714000,32.900002,146.658997,0.000000,0.000000,0.000000,0.000000,0.000000,0.000000,0.000000,264.000000,-1245.000000,189.000000,-1417.000000,205.000000,-71.000000,-32.000000,22.000000,22.000000,22.000000,22.000000,22.000000,22.000000,22.000000,34.000000,34.000000,35.000000,36.000000,36.000000,36.000000,37.000000,1,1,1,1,1,1,1,0,0,0,0,0,0,0,75,5400.237793,967,0,1,0.529068,-0.129999,-0.272000,3.085000,-0.176000,-0.007000,1
1.304914,9.548000,-60.257999,-28.695000,106.176003,12.069000,32.227001,146.917999,0.000000,0.000000,0.000000,0.000000,0.000000,0.000000,0.000000,264.000000,-1245.000000,189.000000,-1417.000000,205.000000,-71.000000,-32.000000,22.000000,22.000000,22.000000,22.000000,22.000000,22.000000,22.000000,34.000000,34.000000,35.000000,36.000000,36.000000,36.000000,37.000000,1,1,1,1,1,1,1,0,0,0,0,0,0,0,75,5400.235840,969,0,1,0.537070,-0.129998,-0.272000,3.082000,-0.191000,-0.007000,1
1.314933,9.573000,-59.816002,-28.350000,105.609001,12.369000,31.631001,147.139999,0.000000,0.000000,0.000000,0.000000,0.000000,0.000000,0.000000,264.000000,-1245.000000,189.000000,-1417.000000,205.000000,-71.000000,-32.000000,22.000000,22.000000,22.000000,22.000000,22.000000,22.000000,22.000000,34.000000,34.000000,35.000000,36.000000,36.000000,36.000000,37.000000,1,1,1,1,1,1,1,0,0,0,0,0,0,0,75,5400.235840,968,0,1,0.544003,-0.129999,-0.271999,3.079000,-0.204000,-0.007000,1
1.324871,9.590000,-59.537998,-28.139999,105.258003,12.550000,31.259001,147.276001,0.000000,0.000000,0.000000,0.000000,0.000000,0.000000,0.000000,264.000000,-1245.000000,189.000000,-1417.000000,205.000000,-71.000000,-32.000000,22.000000,22.000000,22.000000,22.000000,22.000000,22.000000,22.000000,34.000000,34.000000,35.000000,36.000000,36.000000,36.000000,37.000000,1,1,1,1,1,1,1,0,0,0,0,0,0,0,75,5400.235840,968,0,1,0.548273,-0.129998,-0.272000,3.078000,-0.212000,-0.008000,1
1.334831,9.621000,-59.053001,-27.788000,104.652000,12.855000,30.615999,147.505997,0.000000,0.000000,0.000000,0.000000,0.000000,0.000000,0.000000,264.000000,-1245.000000,189.000000,-1417.000000,205.000000,-71.000000,-32.000000,22.000000,22.000000,22.000000,22.000000,22.000000,22.000000,22.000000,34.000000,34.000000,35.000000,36.000000,36.000000,36.000000,37.000000,1,1,1,1,1,1,1,0,0,0,0,0,0,0,75,5400.235840,967,0,1,0.555561,-0.129998,-0.271999,3.075000,-0.225000,-0.008000,1
1.344868,9.641000,-58.748001,-27.576000,104.277000,13.039000,30.218000,147.645996,0.000000,0.000000,0.000000,0.000000,0.000000,0.000000,0.000000,264.000000,-1245.000000,189.000000,-1417.000000,205.000000,-71.000000,-32.000000,22.000000,22.000000,22.000000,22.000000,22.000000,22.000000,22.000000,34.000000,34.000000,35.000000,36.000000,36.000000,36.000000,37.000000,1,1,1,1,1,1,1,0,0,0,0,0,0,0,75,5400.234863,968,0,1,0.560031,-0.129998,-0.272000,3.074000,-0.234000,-0.008000,1
1.355006,9.671000,-58.327000,-27.292000,103.763000,13.284000,29.672001,147.835007,0.000000,0.000000,0.000000,0.000000,0.000000,0.000000,0.000000,264.000000,-1245.000000,189.000000,-1417.000000,205.000000,-71.000000,-32.000000,22.000000,22.000000,22.000000,22.000000,22.000000,22.000000,22.000000,34.000000,34.000000,35.000000,36.000000,36.000000,36.000000,37.000000,1,1,1,1,1,1,1,0,0,0,0,0,0,0,75,5400.234863,968,0,1,0.566098,-0.129998,-0.272000,3.071000,-0.245000,-0.009000,1
1.364877,9.720000,-57.660000,-26.867001,102.959000,13.651000,28.829000,148.121994,0.000000,0.000000,0.000000,0.000000,0.000000,0.000000,0.000000,264.000000,-1245.000000,189.000000,-1417.000000,205.000000,-71.000000,-32.000000,22.000000,22.000000,22.000000,22.000000,22.000000,22.000000,22.000000,34.000000,34.000000,35.000000,36.000000,36.000000,36.000000,37.000000,1,1,1,1,1,1,1,0,0,0,0,0,0,0,75,5400.235840,968,0,1,0.575406,-0.129998,-0.272000,3.068000,-0.262000,-0.009000,1
1.374850,9.765000,-57.074001,-26.514999,102.260002,13.956000,28.106001,148.365005,0.000000,0.000000,0.000000,0.000000,0.000000,0.000000,0.000000,264.000000,-1245.000000,189.000000,-1417.000000,205.000000,-71.000000,-32.000000,22.000000,22.000000,22.000000,22.000000,22.000000,22.000000,22.000000,34.000000,34.000000,35.000000,36.000000,36.000000,36.000000,37.000000,1,1,1,1,1,1,1,0,0,0,0,0,0,0,75,5400.235840,968,0,1,0.583330,-0.129998,-0.272000,3.065000,-0.277000,-0.009000,1
1.384828,9.793000,-56.708000,-26.306000,101.827003,14.138000,27.665001,148.511002,0.000000,0.000000,0.000000,0.000000,0.000000,0.000000,0.000000,264.000000,-1245.000000,189.000000,-1417.000000,205.000000,-71.000000,-32.000000,22.000000,22.000000,22.000000,22.000000,22.000000,22.000000,22.000000,34.000000,34.000000,35.000000,36.000000,36.000000,36.000000,37.000000,1,1,1,1,1,1,1,0,0,0,0,0,0,0,75,5400.235840,968,0,1,0.588147,-0.129998,-0.272000,3.064000,-0.286000,-0.009000,1
1.394965,9.842000,-56.077000,-25.961000,101.084000,14.439000,26.922001,148.755997,0.000000,0.000000,0.000000,0.000000,0.000000,0.000000,0.000000,264.000000,-1245.000000,189.000000,-1417.000000,205.000000,-71.000000,-32.000000,22.000000,22.000000,22.000000,22.000000,22.000000,22.000000,22.000000,34.000000,34.000000,35.000000,36.000000,36.000000,36.000000,37.000000,1,1,1,1,1,1,1,0,0,0,0,0,0,0,75,5400.234863,967,0,1,0.596266,-0.129999,-0.272000,3.061000,-0.301000,-0.009000,1
1.404866,9.894000,-55.418999,-25.622999,100.311996,14.736000,26.173000,149.001999,0.000000,0.000000,0.000000,0.000000,0.000000,0.000000,0.000000,264.000000,-1245.000000,189.000000,-1417.000000,205.000000,-71.000000,-32.000000,22.000000,22.000000,22.000000,22.000000,22.000000,22.000000,22.000000,34.000000,34.000000,35.000000,36.000000,36.000000,36.000000,37.000000,1,1,1,1,1,1,1,0,0,0,0,0,0,0,75,5400.235840,967,0,1,0.604475,-0.129998,-0.272000,3.058000,-0.316000,-0.010000,1
1.414910,9.925000,-55.012001,-25.424000,99.835999,14.911000,25.722000,149.149994,0.000000,0.000000,0.000000,0.000000,0.000000,0.000000,0.000000,264.000000,-1245.000000,189.000000,-1417.000000,205.000000,-71.000000,-32.000000,22.000000,22.000000,22.000000,22.000000,22.000000,22.000000,22.000000,34.000000,34.000000,35.000000,36.000000,36.000000,36.000000,37.000000,1,1,1,1,1,1,1,0,0,0,0,0,0,0,75,5400.235840,967,0,1,0.609434,-0.129998,-0.271999,3.056000,-0.325000,-0.010000,1
1.424896,9.968000,-54.455002,-25.164000,99.183998,15.143000,25.121000,149.347000,0.000000,0.000000,0.000000,0.000000,0.000000,0.000000,0.000000,264.000000,-1245.000000,189.000000,-1417.000000,205.000000,-71.000000,-32.000000,22.000000,22.000000,22.000000,22.000000,22.000000,22.000000,22.000000,34.000000,34.000000,35.000000,36.000000,36.000000,36.000000,37.000000,1,1,1,1,1,1,1,0,0,0,0,0,0,0,75,5400.235840,967,0,1,0.616074,-0.129998,-0.271999,3.054000,-0.337000,-0.010000,1
1.434860,10.023000,-53.737999,-24.849001,98.345001,15.426000,24.372999,149.593994,0.000000,0.000000,0.000000,0.000000,0.000000,0.000000,0.000000,264.000000,-1245.000000,189.000000,-1417.000000,205.000000,-71.000000,-32.000000,22.000000,22.000000,22.000000,22.000000,22.000000,22.000000,22.000000,34.000000,34.000000,35.000000,36.000000,36.000000,36.000000,37.000000,1,1,1,1,1,1,1,0,0,0,0,0,0,0,75,5400.235840,968,0,1,0.624400,-0.129998,-0.272000,3.051000,-0.352000,-0.010000,1
1.444865,10.090000,-52.849998,-24.486000,97.305000,15.758000,23.485001,149.888000,0.000000,0.000000,0.000000,0.000000,0.000000,0.000000,0.000000,264.000000,-1245.000000,189.000000,-1417.000000,205.000000,-71.000000,-32.000000,22.000000,22.000000,22.000000,22.000000,22.000000,22.000000,22.000000,34.000000,34.000000,35.000000,36.000000,36.000000,36.000000,37.000000,1,1,1,1,1,1,1,0,0,0,0,0,0,0,75,5400.235840,968,0,1,0.634397,-0.129999,-0.272000,3.047000,-0.371000,-0.010000,1
1.454942,10.145000,-52.089001,-24.198000,96.411003,16.027000,22.757000,150.132004,0.000000,0.000000,0.000000,0.000000,0.000000,0.000000,0.000000,264.000000,-1245.000000,189.000000,-1417.000000,205.000000,-71.000000,-32.000000,22.000000,22.000000,22.000000,22.000000,22.000000,22.000000,22.000000,34.000000,34.000000,35.000000,36.000000,36.000000,36.000000,37.000000,1,1,1,1,1,1,1,0,0,0,0,0,0,0,75,5400.235840,968,0,1,0.642706,-0.129999,-0.271999,3.044000,-0.386000,-0.010000,1
1.464815,10.199000,-51.311001,-23.924999,95.492996,16.289000,22.045000,150.373993,0.000000,0.000000,0.000000,0.000000,0.000000,0.000000,0.000000,264.000000,-1245.000000,189.000000,-1417.000000,205.000000,-71.000000,-32.000000,22.000000,22.000000,22.000000,22.000000,22.000000,22.000000,22.000000,34.000000,34.000000,35.000000,36.000000,36.000000,36.000000,37.000000,1,1,1,1,1,1,1,0,0,0,0,0,0,0,75,5400.234863,967,0,1,0.650972,-0.129999,-0.272000,3.041000,-0.400000,-0.010000,1
1.474844,10.199000,-51.311001,-23.924999,95.492996,16.289000,22.045000,150.373993,0.000000,0.000000,0.000000,0.000000,0.000000,0.000000,0.000000,264.000000,-1245.000000,189.000000,-1417.000000,205.000000,-71.000000,-32.000000,22.000000,22.000000,22.000000,22.000000,22.000000,22.000000,22.000000,34.000000,34.000000,35.000000,36.000000,36.000000,36.000000,37.000000,1,1,1,1,1,1,1,0,0,0,0,0,0,0,75,5400.234863,968,0,1,0.650972,-0.129999,-0.272000,3.041000,-0.400000,-0.010000,1
1.484797,10.252000,-50.518002,-23.666000,94.551003,16.542000,21.353001,150.613998,0.000000,0.000000,0.000000,0.000000,0.000000,0.000000,0.000000,264.000000,-1245.000000,189.000000,-1417.000000,205.000000,-71.000000,-32.000000,22.000000,22.000000,22.000000,22.000000,22.000000,22.000000,22.000000,34.000000,34.000000,35.000000,36.000000,36.000000,36.000000,37.000000,1,1,1,1,1,1,1,0,0,0,0,0,0,0,75,5400.234863,967,0,1,0.659174,-0.129999,-0.271999,3.039000,-0.415000,-0.009000,1
1.494879,10.303000,-49.713001,-23.424000,93.587997,16.788000,20.684000,150.852005,0.000000,0.000000,0.000000,0.000000,0.000000,0.000000,0.000000,264.000000,-1245.000000,189.000000,-1417.000000,205.000000,-71.000000,-32.000000,22.000000,22.000000,22.000000,22.000000,22.000000,22.000000,22.000000,34.000000,34.000000,35.000000,36.000000,36.000000,36.000000,37.000000,1,1,1,1,1,1,1,0,0,0,0,0,0,0,75,5400.234863,968,0,1,0.667293,-0.129999,-0.272000,3.036000,-0.430000,-0.009000,1
1.504853,10.361000,-48.733002,-23.156000,92.403999,17.073000,19.917999,151.134995,0.000000,0.000000,0.000000,0.000000,0.000000,0.000000,0.000000,264.000000,-1245.000000,189.000000,-1417.000000,205.000000,-71.000000,-32.000000,22.000000,22.000000,22.000000,22.000000,22.000000,22.000000,22.000000,34.000000,34.000000,35.000000,36.000000,36.000000,36.000000,37.000000,1,1,1,1,1,1,1,0,0,0,0,0,0,0,75,5400.237793,967,0,1,0.676896,-0.129998,-0.272000,3.032000,-0.447000,-0.009000,1
1.514801,10.406000,-47.908001,-22.951000,91.396004,17.302000,19.313999,151.369003,0.000000,0.000000,0.000000,0.000000,0.000000,0.000000,0.000000,264.000000,-1245.000000,189.000000,-1417.000000,205.000000,-71.000000,-32.000000,22.000000,22.000000,22.000000,22.000000,22.000000,22.000000,22.000000,34.000000,34.000000,35.000000,36.000000,36.000000,36.000000,37.000000,1,1,1,1,1,1,1,0,0,0,0,0,0,0,75,5400.235840,968,0,1,0.684760,-0.129999,-0.272000,3.029000,-0.460000,-0.009000,1
1.524838,10.447000,-47.078999,-22.764999,90.372002,17.523001,18.745001,151.600998,0.000000,0.000000,0.000000,0.000000,0.000000,0.000000,0.000000,264.000000,-1245.000000,189.000000,-1417.000000,205.000000,-71.000000,-32.000000,22.000000,22.000000,22.000000,22.000000,22.000000,22.000000,22.000000,34.000000,34.000000,35.000000,36.000000,36.000000,36.000000,37.000000,1,1,1,1,1,1,1,0,0,0,0,0,0,0,75,5400.234863,967,0,1,0.692479,-0.129999,-0.271999,3.027000,-0.474000,-0.008000,1
1.534883,10.447000,-47.078999,-22.764999,90.372002,17.523001,18.745001,151.600998,0.000000,0.000000,0.000000,0.000000,0.000000,0.000000,0.000000,264.000000,-1245.000000,189.000000,-1417.000000,205.000000,-71.000000,-32.000000,22.000000,22.000000,22.000000,22.000000,22.000000,22.000000,22.000000,34.000000,34.000000,35.000000,36.000000,36.000000,36.000000,37.000000,1,1,1,1,1,1,1,0,0,0,0,0,0,0,75,5400.235840,967,0,1,0.692479,-0.129999,-0.271999,3.027000,-0.474000,-0.008000,1
1.544934,10.483000,-46.247002,-22.597000,89.332001,17.736000,18.212999,151.830994,0.000000,0.000000,0.000000,0.000000,0.000000,0.000000,0.000000,264.000000,-1245.000000,189.000000,-1417.000000,205.000000,-71.000000,-32.000000,22.000000,22.000000,22.000000,22.000000,22.000000,22.000000,22.000000,34.000000,34.000000,35.000000,36.000000,36.000000,36.000000,37.000000,1,1,1,1,1,1,1,0,0,0,0,0,0,0,75,5400.235840,967,0,1,0.700034,-0.129998,-0.272000,3.024000,-0.487000,-0.008000,1
1.554901,10.520000,-45.249001,-22.419001,88.067001,17.981001,17.627001,152.104004,0.000000,0.000000,0.000000,0.000000,0.000000,0.000000,0.000000,264.000000,-1245.000000,189.000000,-1417.000000,205.000000,-71.000000,-32.000000,22.000000,22.000000,22.000000,22.000000,22.000000,22.000000,22.000000,34.000000,34.000000,35.000000,36.000000,36.000000,36.000000,37.000000,1,1,1,1,1,1,1,0,0,0,0,0,0,0,75,5400.235840,968,0,1,0.708863,-0.129999,-0.271999,3.021000,-0.502000,-0.007000,1
1.564905,10.546000,-44.422001,-22.292000,87.000999,18.177999,17.186001,152.330002,0.000000,0.000000,0.000000,0.000000,0.000000,0.000000,0.000000,264.000000,-1245.000000,189.000000,-1417.000000,205.000000,-71.000000,-32.000000,22.000000,22.000000,22.000000,22.000000,22.000000,22.000000,22.000000,34.000000,34.000000,35.000000,36.000000,36.000000,36.000000,37.000000,1,1,1,1,1,1,1,0,0,0,0,0,0,0,75,5400.235840,968,0,1,0.716003,-0.129998,-0.272000,3.018000,-0.514000,-0.007000,1
1.574802,10.565000,-43.601002,-22.181999,85.928001,18.367001,16.788000,152.552994,0.000000,0.000000,0.000000,0.000000,0.000000,0.000000,0.000000,264.000000,-1245.000000,189.000000,-1417.000000,205.000000,-71.000000,-32.000000,22.000000,22.000000,22.000000,22.000000,22.000000,22.000000,22.000000,34.000000,34.000000,35.000000,36.000000,36.000000,36.000000,37.000000,1,1,1,1,1,1,1,0,0,0,0,0,0,0,75,5400.235840,968,0,1,0.722932,-0.129999,-0.271999,3.016000,-0.525000,-0.006000,1
1.584898,10.574000,-43.112000,-22.125999,85.281998,18.476999,16.570999,152.686996,0.000000,0.000000,0.000000,0.000000,0.000000,0.000000,0.000000,264.000000,-1245.000000,189.000000,-1417.000000,205.000000,-71.000000,-32.000000,22.000000,22.000000,22.000000,22.000000,22.000000,22.000000,22.000000,34.000000,34.000000,35.000000,36.000000,36.000000,36.000000,37.000000,1,1,1,1,1,1,1,0,0,0,0,0,0,0,75,5400.235840,968,0,1,0.726983,-0.129999,-0.271999,3.014000,-0.532000,-0.006000,1
1.594873,10.579000,-42.787998,-22.091000,84.849998,18.549000,16.436001,152.774994,0.000000,0.000000,0.000000,0.000000,0.000000,0.000000,0.000000,264.000000,-1245.000000,189.000000,-1417.000000,205.000000,-71.000000,-32.000000,22.000000,22.000000,22.000000,22.000000,22.000000,22.000000,22.000000,34.000000,34.000000,35.000000,36.000000,36.000000,36.000000,37.000000,1,1,1,1,1,1,1,0,0,0,0,0,0,0,75,5400.235840,967,0,1,0.729637,-0.129998,-0.272000,3.013000,-0.536000,-0.006000,1
1.604888,10.588000,-41.827000,-22.006001,83.555000,18.759001,16.073999,153.039993,0.000000,0.000000,0.000000,0.000000,0.000000,0.000000,0.000000,264.000000,-1245.000000,189.000000,-1417.000000,205.000000,-71.000000,-32.000000,22.000000,22.000000,22.000000,22.000000,22.000000,22.000000,22.000000,34.000000,34.000000,35.000000,36.000000,36.000000,36.000000,37.000000,1,1,1,1,1,1,1,0,0,0,0,0,0,0,75,5400.235840,967,0,1,0.737371,-0.129998,-0.271999,3.011000,-0.549000,-0.005000,1
1.614853,10.588000,-40.887001,-21.945000,82.261002,18.959000,15.779000,153.300995,0.000000,0.000000,0.000000,0.000000,0.000000,0.000000,0.000000,264.000000,-1245.000000,189.000000,-1417.000000,205.000000,-71.000000,-32.000000,22.000000,22.000000,22.000000,22.000000,22.000000,22.000000,22.000000,34.000000,34.000000,35.000000,36.000000,36.000000,36.000000,37.000000,1,1,1,1,1,1,1,0,0,0,0,0,0,0,75,5400.234863,968,0,1,0.744750,-0.129999,-0.271999,3.008000,-0.561000,-0.005000,1
1.624877,10.581000,-40.119999,-21.912001,81.188004,19.118999,15.584000,153.516998,0.000000,0.000000,0.000000,0.000000,0.000000,0.000000,0.000000,264.000000,-1245.000000,189.000000,-1417.000000,205.000000,-71.000000,-32.000000,22.000000,22.000000,22.000000,22.000000,22.000000,22.000000,22.000000,34.000000,34.000000,35.000000,36.000000,36.000000,36.000000,37.000000,1,1,1,1,1,1,1,0,0,0,0,0,0,0,75,5400.235840,967,0,1,0.750618,-0.129999,-0.271999,3.006000,-0.570000,-0.004000,1
1.634855,10.574000,-39.668999,-21.900999,80.547997,19.212000,15.490000,153.645996,0.000000,0.000000,0.000000,0.000000,0.000000,0.000000,0.000000,264.000000,-1245.000000,189.000000,-1417.000000,205.000000,-71.000000,-32.000000,22.000000,22.000000,22.000000,22.000000,22.000000,22.000000,22.000000,34.000000,34.000000,35.000000,36.000000,36.000000,36.000000,37.000000,1,1,1,1,1,1,1,0,0,0,0,0,0,0,75,5400.234863,968,0,1,0.754014,-0.129998,-0.271999,3.005000,-0.575000,-0.004000,1
1.644875,10.558000,-38.932999,-21.893999,79.488998,19.362000,15.369000,153.860001,0.000000,0.000000,0.000000,0.000000,0.000000,0.000000,0.000000,264.000000,-1245.000000,189.000000,-1417.000000,205.000000,-71.000000,-32.000000,22.000000,22.000000,22.000000,22.000000,22.000000,22.000000,22.000000,34.000000,34.000000,35.000000,36.000000,36.000000,36.000000,37.000000,1,1,1,1,1,1,1,0,0,0,0,0,0,0,75,5400.235840,967,0,1,0.759461,-0.129999,-0.272000,3.003000,-0.584000,-0.004000,1
1.654999,10.537000,-38.219002,-21.902000,78.441002,19.504999,15.293000,154.070999,0.000000,0.000000,0.000000,0.000000,0.000000,0.000000,0.000000,264.000000,-1245.000000,189.000000,-1417.000000,205.000000,-71.000000,-32.000000,22.000000,22.000000,22.000000,22.000000,22.000000,22.000000,22.000000,34.000000,34.000000,35.000000,36.000000,36.000000,36.000000,37.000000,1,1,1,1,1,1,1,0,0,0,0,0,0,0,75,5400.235840,968,0,1,0.764641,-0.129998,-0.272000,3.001000,-0.591000,-0.003000,1
1.664868,10.505000,-37.389999,-21.930000,77.203003,19.670000,15.260000,154.322006,0.000000,0.000000,0.000000,0.000000,0.000000,0.000000,0.000000,264.000000,-1245.000000,189.000000,-1417.000000,205.000000,-71.000000,-32.000000,22.000000,22.000000,22.000000,22.000000,22.000000,22.000000,22.000000,34.000000,34.000000,35.000000,36.000000,36.000000,36.000000,37.000000,1,1,1,1,1,1,1,0,0,0,0,0,0,0,75,5400.235840,968,0,1,0.770501,-0.129998,-0.272000,2.999000,-0.600000,-0.003000,1
1.674838,10.473000,-36.726002,-21.966999,76.190002,19.799999,15.278000,154.529999,0.000000,0.000000,0.000000,0.000000,0.000000,0.000000,0.000000,264.000000,-1245.000000,189.000000,-1417.000000,205.000000,-71.000000,-32.000000,22.000000,22.000000,22.000000,22.000000,22.000000,22.000000,22.000000,34.000000,34.000000,35.000000,36.000000,36.000000,36.000000,37.000000,1,1,1,1,1,1,1,0,0,0,0,0,0,0,75,5400.234863,968,0,1,0.775089,-0.129998,-0.272000,2.998000,-0.606000,-0.002000,1
1.684856,10.438000,-36.087002,-22.018000,75.195000,19.924999,15.337000,154.735001,0.000000,0.000000,0.000000,0.000000,0.000000,0.000000,0.000000,264.000000,-1245.000000,189.000000,-1417.000000,205.000000,-71.000000,-32.000000,22.000000,22.000000,22.000000,22.000000,22.000000,22.000000,22.000000,34.000000,34.000000,35.000000,36.000000,36.000000,36.000000,37.000000,1,1,1,1,1,1,1,0,0,0,0,0,0,0,75,5400.237793,967,0,1,0.779411,-0.129999,-0.271999,2.996000,-0.612000,-0.002000,1
1.695018,10.399000,-35.472000,-22.079000,74.221001,20.042999,15.435000,154.936996,0.000000,0.000000,0.000000,0.000000,0.000000,0.000000,0.000000,264.000000,-1245.000000,189.000000,-1417.000000,205.000000,-71.000000,-32.000000,22.000000,22.000000,22.000000,22.000000,22.000000,22.000000,22.000000,34.000000,34.000000,35.000000,36.000000,36.000000,36.000000,37.000000,1,1,1,1,1,1,1,0,0,0,0,0,0,0,75,5400.234863,967,0,1,0.783470,-0.129999,-0.271999,2.995000,-0.617000,-0.002000,1
1.704878,10.374000,-35.116001,-22.122000,73.647003,20.112000,15.511000,155.057999,0.000000,0.000000,0.000000,0.000000,0.000000,0.000000,0.000000,264.000000,-1245.000000,189.000000,-1417.000000,205.000000,-71.000000,-32.000000,22.000000,22.000000,22.000000,22.000000,22.000000,22.000000,22.000000,34.000000,34.000000,35.000000,36.000000,36.000000,36.000000,37.000000,1,1,1,1,1,1,1,0,0,0,0,0,0,0,75,5400.235840,967,0,1,0.785782,-0.129999,-0.271999,2.995000,-0.620000,-0.001000,1
1.714916,10.303000,-34.210999,-22.252001,72.154999,20.284000,15.776000,155.373993,0.000000,0.000000,0.000000,0.000000,0.000000,0.000000,0.000000,264.000000,-1245.000000,189.000000,-1417.000000,205.000000,-71.000000,-32.000000,22.000000,22.000000,22.000000,22.000000,22.000000,22.000000,22.000000,34.000000,34.000000,35.000000,36.000000,36.000000,36.000000,37.000000,1,1,1,1,1,1,1,0,0,0,0,0,0,0,75,5400.235840,967,0,1,0.791505,-0.129999,-0.271999,2.993000,-0.627000,-0.001000,1
1.724868,10.257000,-33.679001,-22.344999,71.252998,20.384001,15.984000,155.569000,0.000000,0.000000,0.000000,0.000000,0.000000,0.000000,0.000000,264.000000,-1245.000000,189.000000,-1417.000000,205.000000,-71.000000,-32.000000,22.000000,22.000000,22.000000,22.000000,22.000000,22.000000,22.000000,34.000000,34.000000,35.000000,36.000000,36.000000,36.000000,37.000000,1,1,1,1,1,1,1,0,0,0,0,0,0,0,75,5400.235840,967,0,1,0.794769,-0.129999,-0.271999,2.992000,-0.631000,-0.001000,1
1.734881,10.210000,-33.171001,-22.447001,70.373001,20.479000,16.221001,155.759995,0.000000,0.000000,0.000000,0.000000,0.000000,0.000000,0.000000,264.000000,-1245.000000,189.000000,-1417.000000,205.000000,-71.000000,-32.000000,22.000000,22.000000,22.000000,22.000000,22.000000,22.000000,22.000000,34.000000,34.000000,35.000000,36.000000,36.000000,36.000000,37.000000,1,1,1,1,1,1,1,0,0,0,0,0,0,0,75,5400.235840,967,0,1,0.797803,-0.129999,-0.272000,2.991000,-0.634000,0.000000,1
1.744841,10.164000,-32.687000,-22.556000,69.516998,20.568001,16.486000,155.949005,0.000000,0.000000,0.000000,0.000000,0.000000,0.000000,0.000000,264.000000,-1245.000000,189.000000,-1417.000000,205.000000,-71.000000,-32.000000,22.000000,22.000000,22.000000,22.000000,22.000000,22.000000,22.000000,34.000000,34.000000,35.000000,36.000000,36.000000,36.000000,37.000000,1,1,1,1,1,1,1,0,0,0,0,0,0,0,75,5400.235840,968,0,1,0.800622,-0.129999,-0.271999,2.991000,-0.636000,0.000000,1
1.754898,10.136000,-32.408001,-22.625000,69.014000,20.618999,16.657000,156.061005,0.000000,0.000000,0.000000,0.000000,0.000000,0.000000,0.000000,264.000000,-1245.000000,189.000000,-1417.000000,205.000000,-71.000000,-32.000000,22.000000,22.000000,22.000000,22.000000,22.000000,22.000000,22.000000,34.000000,34.000000,35.000000,36.000000,36.000000,36.000000,37.000000,1,1,1,1,1,1,1,0,0,0,0,0,0,0,75,5400.235840,967,0,1,0.802213,-0.129998,-0.272000,2.990000,-0.638000,0.000000,1
1.764939,10.090000,-31.959000,-22.746000,68.192001,20.700001,16.961000,156.246002,0.000000,0.000000,0.000000,0.000000,0.000000,0.000000,0.000000,264.000000,-1245.000000,189.000000,-1417.000000,205.000000,-71.000000,-32.000000,22.000000,22.000000,22.000000,22.000000,22.000000,22.000000,22.000000,34.000000,34.000000,35.000000,36.000000,36.000000,36.000000,37.000000,1,1,1,1,1,1,1,0,0,0,0,0,0,0,75,5400.235840,969,0,1,0.804713,-0.129998,-0.271999,2.990000,-0.640000,0.000000,1
1.774892,10.045000,-31.531000,-22.872999,67.389999,20.775999,17.287001,156.427994,0.000000,0.000000,0.000000,0.000000,0.000000,0.000000,0.000000,264.000000,-1245.000000,189.000000,-1417.000000,205.000000,-71.000000,-32.000000,22.000000,22.000000,22.000000,22.000000,22.000000,22.000000,22.000000,34.000000,34.000000,35.000000,36.000000,36.000000,36.000000,37.000000,1,1,1,1,1,1,1,0,0,0,0,0,0,0,75,5400.235840,968,0,1,0.807033,-0.129998,-0.271999,2.989000,-0.641000,0.000000,1
1.784885,9.994000,-31.042000,-23.034000,66.452003,20.861000,17.704000,156.643005,0.000000,0.000000,0.000000,0.000000,0.000000,0.000000,0.000000,264.000000,-1245.000000,189.000000,-1417.000000,205.000000,-71.000000,-32.000000,22.000000,22.000000,22.000000,22.000000,22.000000,22.000000,22.000000,34.000000,34.000000,35.000000,36.000000,36.000000,36.000000,37.000000,1,1,1,1,1,1,1,0,0,0,0,0,0,0,75,5400.235840,967,0,1,0.809602,-0.129999,-0.271999,2.989000,-0.643000,0.000000,1
1.794815,9.955000,-30.652000,-23.174000,65.688004,20.927999,18.070000,156.820999,0.000000,0.000000,0.000000,0.000000,0.000000,0.000000,0.000000,264.000000,-1245.000000,189.000000,-1417.000000,205.000000,-71.000000,-32.000000,22.000000,22.000000,22.000000,22.000000,22.000000,22.000000,22.000000,34.000000,34.000000,35.000000,36.000000,36.000000,36.000000,37.000000,1,1,1,1,1,1,1,0,0,0,0,0,0,0,75,5400.235840,967,0,1,0.811587,-0.129998,-0.271999,2.989000,-0.644000,0.000000,1
1.804864,9.919000,-30.275000,-23.320000,64.935997,20.990999,18.450001,156.996002,0.000000,0.000000,0.000000,0.000000,0.000000,0.000000,0.000000,264.000000,-1245.000000,189.000000,-1417.000000,205.000000,-71.000000,-32.000000,22.000000,22.000000,22.000000,22.000000,22.000000,22.000000,22.000000,34.000000,34.000000,35.000000,36.000000,36.000000,36.000000,37.000000,1,1,1,1,1,1,1,0,0,0,0,0,0,0,75,5400.235840,967,0,1,0.813448,-0.129999,-0.271999,2.989000,-0.645000,0.000000,1
1.814851,9.886000,-29.910000,-23.472000,64.195000,21.051001,18.844000,157.171005,0.000000,0.000000,0.000000,0.000000,0.000000,0.000000,0.000000,264.000000,-1245.000000,189.000000,-1417.000000,205.000000,-71.000000,-32.000000,22.000000,22.000000,22.000000,22.000000,22.000000,22.000000,22.000000,34.000000,34.000000,35.000000,36.000000,36.000000,36.000000,37.000000,1,1,1,1,1,1,1,0,0,0,0,0,0,0,75,5400.235840,968,0,1,0.815204,-0.129998,-0.272000,2.989000,-0.645000,0.000000,1
1.824792,9.853000,-29.483000,-23.663000,63.313999,21.120001,19.330000,157.380005,0.000000,0.000000,0.000000,0.000000,0.000000,0.000000,0.000000,264.000000,-1245.000000,189.000000,-1417.000000,205.000000,-71.000000,-32.000000,22.000000,22.000000,22.000000,22.000000,22.000000,22.000000,22.000000,34.000000,34.000000,35.000000,36.000000,36.000000,36.000000,37.000000,1,1,1,1,1,1,1,0,0,0,0,0,0,0,75,5400.234863,968,0,1,0.817203,-0.129999,-0.271999,2.989000,-0.645000,0.000000,1
1.834881,9.830000,-29.132999,-23.829000,62.584000,21.176001,19.745001,157.554993,0.000000,0.000000,0.000000,0.000000,0.000000,0.000000,0.000000,264.000000,-1245.000000,189.000000,-1417.000000,205.000000,-71.000000,-32.000000,22.000000,22.000000,22.000000,22.000000,22.000000,22.000000,22.000000,34.000000,34.000000,35.000000,36.000000,36.000000,36.000000,37.000000,1,1,1,1,1,1,1,0,0,0,0,0,0,0,75,5400.235840,967,0,1,0.818803,-0.129999,-0.271999,2.989000,-0.645000,0.000000,1
1.844853,9.819000,-28.924999,-23.931000,62.145000,21.208000,19.997000,157.660004,0.000000,0.000000,0.000000,0.000000,0.000000,0.000000,0.000000,264.000000,-1245.000000,189.000000,-1417.000000,205.000000,-71.000000,-32.000000,22.000000,22.000000,22.000000,22.000000,22.000000,22.000000,22.000000,34.000000,34.000000,35.000000,36.000000,36.000000,36.000000,37.000000,1,1,1,1,1,1,1,0,0,0,0,0,0,0,75,5400.235840,967,0,1,0.819742,-0.129999,-0.272000,2.989000,-0.645000,0.000000,1
1.854959,9.805000,-28.577000,-24.108999,61.411999,21.261999,20.422001,157.837006,0.000000,0.000000,0.000000,0.000000,0.000000,0.000000,0.000000,264.000000,-1245.000000,189.000000,-1417.000000,205.000000,-71.000000,-32.000000,22.000000,22.000000,22.000000,22.000000,22.000000,22.000000,22.000000,34.000000,34.000000,35.000000,36.000000,36.000000,36.000000,37.000000,1,1,1,1,1,1,1,0,0,0,0,0,0,0,75,5400.237793,968,0,1,0.821290,-0.129999,-0.272000,2.988000,-0.646000,0.000000,1
1.864851,9.800000,-28.226000,-24.297001,60.667999,21.315001,20.853001,158.016006,0.000000,0.000000,0.000000,0.000000,0.000000,0.000000,0.000000,264.000000,-1245.000000,189.000000,-1417.000000,205.000000,-71.000000,-32.000000,22.000000,22.000000,22.000000,22.000000,22.000000,22.000000,22.000000,34.000000,34.000000,35.000000,36.000000,36.000000,36.000000,37.000000,1,1,1,1,1,1,1,0,0,0,0,0,0,0,75,5400.234863,968,0,1,0.822837,-0.130006,-0.271999,2.988000,-0.646000,0.000000,0
1.874863,9.801000,-27.872000,-24.493000,59.917000,21.368999,21.288000,158.197998,0.000000,0.000000,0.000000,0.000000,0.000000,0.000000,0.000000,264.000000,-1245.000000,189.000000,-1417.000000,205.000000,-71.000000,-32.000000,22.000000,22.000000,22.000000,22.000000,22.000000,22.000000,22.000000,34.000000,34.000000,35.000000,36.000000,36.000000,36.000000,37.000000,1,1,1,1,1,1,1,0,0,0,0,0,0,0,75,5400.235840,967,0,1,0.824383,-0.130011,-0.272000,2.989000,-0.646000,0.000000,0
1.884955,9.793000,-27.514000,-24.684000,59.160999,21.422001,21.724001,158.389999,0.000000,0.000000,0.000000,0.000000,0.000000,0.000000,0.000000,264.000000,-1245.000000,189.000000,-1417.000000,205.000000,-71.000000,-32.000000,22.000000,22.000000,22.000000,22.000000,22.000000,22.000000,22.000000,34.000000,34.000000,35.000000,36.000000,36.000000,36.000000,37.000000,1,1,1,1,1,1,1,0,0,0,0,0,0,0,75,5400.235840,967,0,1,0.825929,-0.129973,-0.272000,2.989000,-0.646000,0.000000,0
1.894927,9.750000,-27.083000,-24.886000,58.257000,21.483000,22.246000,158.643005,0.000000,0.000000,0.000000,0.000000,0.000000,0.000000,0.000000,264.000000,-1245.000000,189.000000,-1417.000000,205.000000,-71.000000,-32.000000,22.000000,22.000000,22.000000,22.000000,22.000000,22.000000,22.000000,34.000000,34.000000,35.000000,36.000000,36.000000,36.000000,37.000000,1,1,1,1,1,1,1,0,0,0,0,0,0,0,75,5400.235840,967,0,1,0.827777,-0.129807,-0.271999,2.989000,-0.646000,0.000000,0
1.904922,9.670000,-26.723000,-25.017000,57.515999,21.528999,22.674000,158.878006,0.000000,0.000000,0.000000,0.000000,0.000000,0.000000,0.000000,264.000000,-1245.000000,189.000000,-1417.000000,205.000000,-71.000000,-32.000000,22.000000,22.000000,22.000000,22.000000,22.000000,22.000000,22.000000,34.000000,34.000000,35.000000,36.000000,36.000000,36.000000,37.000000,1,1,1,1,1,1,1,0,0,0,0,0,0,0,75,5400.234863,967,0,1,0.829300,-0.129531,-0.272000,2.989000,-0.646000,0.000000,3
1.914904,9.543000,-26.341000,-25.120001,56.736000,21.573000,23.122999,159.151993,0.000000,0.000000,0.000000,0.000000,0.000000,0.000000,0.000000,264.000000,-1245.000000,189.000000,-1417.000000,205.000000,-71.000000,-32.000000,22.000000,22.000000,22.000000,22.000000,22.000000,22.000000,22.000000,34.000000,34.000000,35.000000,36.000000,36.000000,36.000000,37.000000,1,1,1,1,1,1,1,0,0,0,0,0,0,0,75,5400.234863,967,0,1,0.830909,-0.129106,-0.272000,2.989000,-0.646000,0.000000,3
1.924909,9.345000,-25.910999,-25.186001,55.870998,21.614000,23.621000,159.492996,0.000000,0.000000,0.000000,0.000000,0.000000,0.000000,0.000000,264.000000,-1245.000000,189.000000,-1417.000000,205.000000,-71.000000,-32.000000,22.000000,22.000000,22.000000,22.000000,22.000000,22.000000,22.000000,34.000000,34.000000,35.000000,36.000000,36.000000,36.000000,37.000000,1,1,1,1,1,1,1,0,0,0,0,0,0,0,75,5400.235840,967,0,1,0.832703,-0.128456,-0.272000,2.988000,-0.646000,0.000000,3
1.934900,8.986000,-25.354000,-25.181000,54.766998,21.650000,24.257000,159.990997,0.000000,0.000000,0.000000,0.000000,0.000000,0.000000,0.000000,264.000000,-1245.000000,189.000000,-1417.000000,205.000000,-71.000000,-32.000000,22.000000,22.000000,22.000000,22.000000,22.000000,22.000000,22.000000,34.000000,34.000000,35.000000,36.000000,36.000000,36.000000,37.000000,1,1,1,1,1,1,1,0,0,0,0,0,0,0,75,5400.235840,968,0,1,0.835015,-0.127311,-0.271999,2.989000,-0.646000,0.000000,3
1.944968,8.592000,-24.902000,-25.082001,53.889999,21.662001,24.761999,160.449005,0.000000,0.000000,0.000000,0.000000,0.000000,0.000000,0.000000,264.000000,-1245.000000,189.000000,-1417.000000,205.000000,-71.000000,-32.000000,22.000000,22.000000,22.000000,22.000000,22.000000,22.000000,22.000000,34.000000,34.000000,35.000000,36.000000,36.000000,36.000000,37.000000,1,1,1,1,1,1,1,0,0,0,0,0,0,0,75,5400.235840,968,0,1,0.836877,-0.126090,-0.271999,2.989000,-0.646000,0.000000,3
1.955022,8.318000,-24.646999,-24.979000,53.402000,21.660000,25.042000,160.735001,0.000000,0.000000,0.000000,0.000000,0.000000,0.000000,0.000000,264.000000,-1245.000000,189.000000,-1417.000000,205.000000,-71.000000,-32.000000,22.000000,22.000000,22.000000,22.000000,22.000000,22.000000,22.000000,34.000000,34.000000,35.000000,36.000000,36.000000,36.000000,37.000000,1,1,1,1,1,1,1,0,0,0,0,0,0,0,75,5400.235840,968,0,1,0.837925,-0.125261,-0.271999,2.989000,-0.646000,0.000000,3
1.965013,7.802000,-24.254999,-24.733000,52.665001,21.639000,25.466999,161.223999,0.000000,0.000000,0.000000,0.000000,0.000000,0.000000,0.000000,264.000000,-1245.000000,189.000000,-1417.000000,205.000000,-71.000000,-32.000000,22.000000,22.000000,22.000000,22.000000,22.000000,22.000000,22.000000,34.000000,34.000000,35.000000,36.000000,36.000000,36.000000,37.000000,1,1,1,1,1,1,1,0,0,0,0,0,0,0,75,5400.234863,967,0,1,0.839541,-0.123730,-0.271999,2.988000,-0.646000,0.000000,3
1.975000,7.212000,-23.909000,-24.389999,52.029999,21.594999,25.834000,161.723999,0.000000,0.000000,0.000000,0.000000,0.000000,0.000000,0.000000,264.000000,-1245.000000,189.000000,-1417.000000,205.000000,-71.000000,-32.000000,22.000000,22.000000,22.000000,22.000000,22.000000,22.000000,22.000000,34.000000,34.000000,35.000000,36.000000,36.000000,36.000000,37.000000,1,1,1,1,1,1,1,0,0,0,0,0,0,0,75,5400.234863,967,0,1,0.840977,-0.122028,-0.272000,2.989000,-0.645000,0.000000,3
1.985006,6.415000,-23.563999,-23.854000,51.417999,21.511999,26.188999,162.330002,0.000000,0.000000,0.000000,0.000000,0.000000,0.000000,0.000000,264.000000,-1245.000000,189.000000,-1417.000000,205.000000,-71.000000,-32.000000,22.000000,22.000000,22.000000,22.000000,22.000000,22.000000,22.000000,34.000000,34.000000,35.000000,36.000000,36.000000,36.000000,37.000000,1,1,1,1,1,1,1,0,0,0,0,0,0,0,75,5400.234863,968,0,1,0.842438,-0.119792,-0.272000,2.988000,-0.646000,0.000000,3
1.995043,5.684000,-23.341000,-23.306999,51.043999,21.416000,26.408001,162.832001,0.000000,0.000000,0.000000,0.000000,0.000000,0.000000,0.000000,264.000000,-1245.000000,189.000000,-1417.000000,205.000000,-71.000000,-32.000000,22.000000,22.000000,22.000000,22.000000,22.000000,22.000000,22.000000,34.000000,34.000000,35.000000,36.000000,36.000000,36.000000,37.000000,1,1,1,1,1,1,1,0,0,0,0,0,0,0,75,5400.235840,967,0,1,0.843418,-0.117793,-0.271999,2.988000,-0.646000,0.000000,3
2.005063,4.902000,-23.180000,-22.674999,50.800999,21.299000,26.554001,163.324997,0.000000,0.000000,0.000000,0.000000,0.000000,0.000000,0.000000,264.000000,-1245.000000,189.000000,-1417.000000,205.000000,-71.000000,-32.000000,22.000000,22.000000,22.000000,22.000000,22.000000,22.000000,22.000000,34.000000,34.000000,35.000000,36.000000,36.000000,36.000000,37.000000,1,1,1,1,1,1,1,0,0,0,0,0,0,0,75,5400.237793,968,0,1,0.844171,-0.115697,-0.271999,2.989000,-0.646000,0.000000,3
2.015026,4.079000,-23.086000,-21.968000,50.693001,21.162001,26.625000,163.802994,0.000000,0.000000,0.000000,0.000000,0.000000,0.000000,0.000000,264.000000,-1245.000000,189.000000,-1417.000000,205.000000,-71.000000,-32.000000,22.000000,22.000000,22.000000,22.000000,22.000000,22.000000,22.000000,34.000000,34.000000,35.000000,36.000000,36.000000,36.000000,37.000000,1,1,1,1,1,1,1,0,0,0,0,0,0,0,75,5400.235840,967,0,1,0.844685,-0.113531,-0.271999,2.989000,-0.646000,0.000000,3
2.025094,3.056000,-23.061001,-21.037001,50.743999,20.976999,26.608999,164.348007,0.000000,0.000000,0.000000,0.000000,0.000000,0.000000,0.000000,264.000000,-1245.000000,189.000000,-1417.000000,205.000000,-71.000000,-32.000000,22.000000,22.000000,22.000000,22.000000,22.000000,22.000000,22.000000,34.000000,34.000000,35.000000,36.000000,36.000000,36.000000,37.000000,1,1,1,1,1,1,1,0,0,0,0,0,0,0,75,5400.235840,968,0,1,0.844980,-0.110876,-0.272000,2.989000,-0.646000,0.000000,3
2.035018,2.191000,-23.114000,-20.212000,50.936001,20.811001,26.511999,164.772003,0.000000,0.000000,0.000000,0.000000,0.000000,0.000000,0.000000,264.000000,-1245.000000,189.000000,-1417.000000,205.000000,-71.000000,-32.000000,22.000000,22.000000,22.000000,22.000000,22.000000,22.000000,22.000000,34.000000,34.000000,35.000000,36.000000,36.000000,36.000000,37.000000,1,1,1,1,1,1,1,0,0,0,0,0,0,0,75,5400.235840,968,0,1,0.844954,-0.108650,-0.271999,2.988000,-0.646000,0.000000,3
2.045045,1.329000,-23.233999,-19.358000,51.261002,20.639000,26.341999,165.162994,0.000000,0.000000,0.000000,0.000000,0.000000,0.000000,0.000000,264.000000,-1245.000000,189.000000,-1417.000000,205.000000,-71.000000,-32.000000,22.000000,22.000000,22.000000,22.000000,22.000000,22.000000,22.000000,34.000000,34.000000,35.000000,36.000000,36.000000,36.000000,37.000000,1,1,1,1,1,1,1,0,0,0,0,0,0,0,75,5400.235840,968,0,1,0.844680,-0.106440,-0.272000,2.989000,-0.646000,0.000000,3
2.055106,0.485000,-23.416000,-18.493000,51.712002,20.466999,26.101000,165.516006,0.000000,0.000000,0.000000,0.000000,0.000000,0.000000,0.000000,264.000000,-1245.000000,189.000000,-1417.000000,205.000000,-71.000000,-32.000000,22.000000,22.000000,22.000000,22.000000,22.000000,22.000000,22.000000,34.000000,34.000000,35.000000,36.000000,36.000000,36.000000,37.000000,1,1,1,1,1,1,1,0,0,0,0,0,0,0,75,5400.235840,968,0,1,0.844163,-0.104274,-0.271999,2.989000,-0.646000,0.000000,3
2.065035,-0.005000,-23.554001,-17.976000,52.041000,20.365000,25.924999,165.707993,0.000000,0.000000,0.000000,0.000000,0.000000,0.000000,0.000000,264.000000,-1245.000000,189.000000,-1417.000000,205.000000,-71.000000,-32.000000,22.000000,22.000000,22.000000,22.000000,22.000000,22.000000,22.000000,34.000000,34.000000,35.000000,36.000000,36.000000,36.000000,37.000000,1,1,1,1,1,1,1,0,0,0,0,0,0,0,75,5400.234863,968,0,1,0.843738,-0.103007,-0.272000,2.989000,-0.646000,0.000000,3
2.074999,-0.788000,-23.829000,-17.129000,52.678001,20.202000,25.580999,165.992996,0.000000,0.000000,0.000000,0.000000,0.000000,0.000000,0.000000,264.000000,-1245.000000,189.000000,-1417.000000,205.000000,-71.000000,-32.000000,22.000000,22.000000,22.000000,22.000000,22.000000,22.000000,22.000000,34.000000,34.000000,35.000000,36.000000,36.000000,36.000000,37.000000,1,1,1,1,1,1,1,0,0,0,0,0,0,0,75,5400.235840,967,0,1,0.842844,-0.100968,-0.271999,2.989000,-0.646000,0.000000,3
2.085051,-1.517000,-24.156000,-16.313999,53.417999,20.049999,25.179001,166.229996,0.000000,0.000000,0.000000,0.000000,0.000000,0.000000,0.000000,264.000000,-1245.000000,189.000000,-1417.000000,205.000000,-71.000000,-32.000000,22.000000,22.000000,22.000000,22.000000,22.000000,22.000000,22.000000,34.000000,34.000000,35.000000,36.000000,36.000000,36.000000,37.000000,1,1,1,1,1,1,1,0,0,0,0,0,0,0,75,5400.235840,967,0,1,0.841730,-0.099040,-0.272000,2.989000,-0.645000,0.000000,3
2.095090,-2.303000,-24.606001,-15.396000,54.424000,19.886000,24.629999,166.447998,0.000000,0.000000,0.000000,0.000000,0.000000,0.000000,0.000000,264.000000,-1245.000000,189.000000,-1417.000000,205.000000,-71.000000,-32.000000,22.000000,22.000000,22.000000,22.000000,22.000000,22.000000,22.000000,34.000000,34.000000,35.000000,36.000000,36.000000,36.000000,37.000000,1,1,1,1,1,1,1,0,0,0,0,0,0,0,75,5400.234863,968,0,1,0.840120,-0.096909,-0.271999,2.989000,-0.646000,0.000000,3
2.105015,-2.873000,-25.021999,-14.696000,55.347000,19.767000,24.122999,166.574005,0.000000,0.000000,0.000000,0.000000,0.000000,0.000000,0.000000,264.000000,-1245.000000,189.000000,-1417.000000,205.000000,-71.000000,-32.000000,22.000000,22.000000,22.000000,22.000000,22.000000,22.000000,22.000000,34.000000,34.000000,35.000000,36.000000,36.000000,36.000000,37.000000,1,1,1,1,1,1,1,0,0,0,0,0,0,0,75,5400.234863,968,0,1,0.838572,-0.095309,-0.271999,2.989000,-0.646000,0.000000,3
2.115069,-3.358000,-25.468000,-14.063000,56.332001,19.666000,23.580000,166.645996,0.000000,0.000000,0.000000,0.000000,0.000000,0.000000,0.000000,264.000000,-1245.000000,189.000000,-1417.000000,205.000000,-71.000000,-32.000000,22.000000,22.000000,22.000000,22.000000,22.000000,22.000000,22.000000,34.000000,34.000000,35.000000,36.000000,36.000000,36.000000,37.000000,1,1,1,1,1,1,1,0,0,0,0,0,0,0,75,5400.235840,967,0,1,0.836855,-0.093891,-0.272000,2.988000,-0.646000,0.000000,3
2.124852,-3.750000,-25.937000,-13.506000,57.363998,19.580999,23.007999,166.666000,0.000000,0.000000,0.000000,0.000000,0.000000,0.000000,0.000000,264.000000,-1245.000000,189.000000,-1417.000000,205.000000,-71.000000,-32.000000,22.000000,22.000000,22.000000,22.000000,22.000000,22.000000,22.000000,34.000000,34.000000,35.000000,36.000000,36.000000,36.000000,37.000000,1,1,1,1,1,1,1,0,0,0,0,0,0,0,75,5400.234863,968,0,1,0.834991,-0.092674,-0.272000,2.989000,-0.646000,0.000000,3
2.134826,-4.041000,-26.409000,-13.040000,58.403000,19.514000,22.429001,166.634995,0.000000,0.000000,0.000000,0.000000,0.000000,0.000000,0.000000,264.000000,-1245.000000,189.000000,-1417.000000,205.000000,-71.000000,-32.000000,22.000000,22.000000,22.000000,22.000000,22.000000,22.000000,22.000000,34.000000,34.000000,35.000000,36.000000,36.000000,36.000000,37.000000,1,1,1,1,1,1,1,0,0,0,0,0,0,0,75,5400.232910,968,0,1,0.833057,-0.091694,-0.272000,2.988000,-0.646000,0.000000,3
2.145010,-4.248000,-26.923000,-12.630000,59.534000,19.458000,21.794001,166.548004,0.000000,0.000000,0.000000,0.000000,0.000000,0.000000,0.000000,264.000000,-1245.000000,189.000000,-1417.000000,205.000000,-71.000000,-32.000000,22.000000,22.000000,22.000000,22.000000,22.000000,22.000000,22.000000,34.000000,34.000000,35.000000,36.000000,36.000000,36.000000,37.000000,1,1,1,1,1,1,1,0,0,0,0,0,0,0,75,5400.234863,967,0,1,0.830886,-0.090885,-0.271999,2.989000,-0.646000,0.000000,3
2.154956,-4.330000,-27.292999,-12.392000,60.348999,19.427000,21.334000,166.453003,0.000000,0.000000,0.000000,0.000000,0.000000,0.000000,0.000000,264.000000,-1245.000000,189.000000,-1417.000000,205.000000,-71.000000,-32.000000,22.000000,22.000000,22.000000,22.000000,22.000000,22.000000,22.000000,34.000000,34.000000,35.000000,36.000000,36.000000,36.000000,37.000000,1,1,1,1,1,1,1,0,0,0,0,0,0,0,75,5400.234863,968,0,1,0.829282,-0.090463,-0.272000,2.989000,-0.646000,0.000000,3
2.165011,-4.355000,-27.636000,-12.216000,61.105000,19.403000,20.905001,166.339996,0.000000,0.000000,0.000000,0.000000,0.000000,0.000000,0.000000,264.000000,-1245.000000,189.000000,-1417.000000,205.000000,-71.000000,-32.000000,22.000000,22.000000,22.000000,22.000000,22.000000,22.000000,22.000000,34.000000,34.000000,35.000000,36.000000,36.000000,36.000000,37.000000,1,1,1,1,1,1,1,0,0,0,0,0,0,0,75,5400.234863,967,0,1,0.827763,-0.090198,-0.272000,2.989000,-0.646000,0.000000,0
2.174909,-4.345000,-27.840000,-12.132000,61.555000,19.392000,20.648001,166.259995,0.000000,0.000000,0.000000,0.000000,0.000000,0.000000,0.000000,264.000000,-1245.000000,189.000000,-1417.000000,205.000000,-71.000000,-32.000000,22.000000,22.000000,22.000000,22.000000,22.000000,22.000000,22.000000,34.000000,34.000000,35.000000,36.000000,36.000000,36.000000,37.000000,1,1,1,1,1,1,1,0,0,0,0,0,0,0,75,5400.234863,968,0,1,0.826845,-0.090102,-0.272000,2.989000,-0.646000,0.000000,0
2.184877,-4.298000,-28.177000,-12.019000,62.298000,19.374001,20.222000,166.113998,0.000000,0.000000,0.000000,0.000000,0.000000,0.000000,0.000000,264.000000,-1245.000000,189.000000,-1417.000000,205.000000,-71.000000,-32.000000,22.000000,22.000000,22.000000,22.000000,22.000000,22.000000,22.000000,34.000000,34.000000,35.000000,36.000000,36.000000,36.000000,37.000000,1,1,1,1,1,1,1,0,0,0,0,0,0,0,75,5400.232910,967,0,1,0.825308,-0.090017,-0.272000,2.989000,-0.646000,0.000000,0
2.194916,-4.226000,-28.509001,-11.929000,63.032001,19.358999,19.799999,165.957993,0.000000,0.000000,0.000000,0.000000,0.000000,0.000000,0.000000,264.000000,-1245.000000,189.000000,-1417.000000,205.000000,-71.000000,-32.000000,22.000000,22.000000,22.000000,22.000000,22.000000,22.000000,22.000000,34.000000,34.000000,35.000000,36.000000,36.000000,36.000000,37.000000,1,1,1,1,1,1,1,0,0,0,0,0,0,0,75,5400.234863,968,0,1,0.823769,-0.089994,-0.271999,2.989000,-0.646000,0.000000,0
2.204913,-4.124000,-28.902000,-11.835000,63.901001,19.341000,19.299000,165.768005,0.000000,0.000000,0.000000,0.000000,0.000000,0.000000,0.000000,264.000000,-1245.000000,189.000000,-1417.000000,205.000000,-71.000000,-32.000000,22.000000,22.000000,22.000000,22.000000,22.000000,22.000000,22.000000,34.000000,34.000000,35.000000,36.000000,36.000000,36.000000,37.000000,1,1,1,1,1,1,1,0,0,0,0,0,0,0,75,5400.235840,968,0,1,0.821922,-0.089999,-0.271999,2.989000,-0.646000,0.000000,0
2.214882,-4.038000,-29.226000,-11.760000,64.615997,19.327000,18.886000,165.613007,0.000000,0.000000,0.000000,0.000000,0.000000,0.000000,0.000000,264.000000,-1245.000000,189.000000,-1417.000000,205.000000,-71.000000,-32.000000,22.000000,22.000000,22.000000,22.000000,22.000000,22.000000,22.000000,34.000000,34.000000,35.000000,36.000000,36.000000,36.000000,37.000000,1,1,1,1,1,1,1,0,0,0,0,0,0,0,75,5400.234863,967,0,1,0.820386,-0.090000,-0.271999,2.989000,-0.645000,0.000000,1
2.224834,-3.949000,-29.548000,-11.689000,65.324997,19.312000,18.480000,165.457993,0.000000,0.000000,0.000000,0.000000,0.000000,0.000000,0.000000,264.000000,-1245.000000,189.000000,-1417.000000,205.000000,-71.000000,-32.000000,22.000000,22.000000,22.000000,22.000000,22.000000,22.000000,22.000000,34.000000,34.000000,35.000000,36.000000,36.000000,36.000000,37.000000,1,1,1,1,1,1,1,0,0,0,0,0,0,0,75,5400.234863,967,0,1,0.818833,-0.090000,-0.272000,2.989000,-0.645000,0.000000,1
2.234871,-3.856000,-29.872999,-11.623000,66.032997,19.296000,18.082001,165.304001,0.000000,0.000000,0.000000,0.000000,0.000000,0.000000,0.000000,264.000000,-1245.000000,189.000000,-1417.000000,205.000000,-71.000000,-32.000000,22.000000,22.000000,22.000000,22.000000,22.000000,22.000000,22.000000,34.000000,34.000000,35.000000,36.000000,36.000000,36.000000,37.000000,1,1,1,1,1,1,1,0,0,0,0,0,0,0,75,5400.234863,967,0,1,0.817241,-0.090000,-0.272000,2.989000,-0.645000,0.000000,1
2.244895,-3.737000,-30.268999,-11.552000,66.884003,19.275000,17.620001,165.117004,0.000000,0.000000,0.000000,0.000000,0.000000,0.000000,0.000000,264.000000,-1245.000000,189.000000,-1417.000000,205.000000,-71.000000,-32.000000,22.000000,22.000000,22.000000,22.000000,22.000000,22.000000,22.000000,34.000000,34.000000,35.000000,36.000000,36.000000,36.000000,37.000000,1,1,1,1,1,1,1,0,0,0,0,0,0,0,75,5400.235840,968,0,1,0.815248,-0.090000,-0.272000,2.989000,-0.645000,0.000000,1
2.254885,-3.630000,-30.607000,-11.500000,67.598999,19.256001,17.250999,164.959000,0.000000,0.000000,0.000000,0.000000,0.000000,0.000000,0.000000,264.000000,-1245.000000,189.000000,-1417.000000,205.000000,-71.000000,-32.000000,22.000000,22.000000,22.000000,22.000000,22.000000,22.000000,22.000000,34.000000,34.000000,35.000000,36.000000,36.000000,36.000000,37.000000,1,1,1,1,1,1,1,0,0,0,0,0,0,0,75,5400.234863,967,0,1,0.813492,-0.090000,-0.271999,2.989000,-0.644000,0.000000,1
2.264890,-3.516000,-30.957001,-11.455000,68.320999,19.233999,16.900999,164.798004,0.000000,0.000000,0.000000,0.000000,0.000000,0.000000,0.000000,264.000000,-1245.000000,189.000000,-1417.000000,205.000000,-71.000000,-32.000000,22.000000,22.000000,22.000000,22.000000,22.000000,22.000000,22.000000,34.000000,34.000000,35.000000,36.000000,36.000000,36.000000,37.000000,1,1,1,1,1,1,1,0,0,0,0,0,0,0,75,5400.235840,968,0,1,0.811628,-0.090000,-0.272000,2.989000,-0.644000,0.000000,1
2.275174,-3.445000,-31.172001,-11.432000,68.759003,19.219999,16.701000,164.699005,0.000000,0.000000,0.000000,0.000000,0.000000,0.000000,0.000000,264.000000,-1245.000000,189.000000,-1417.000000,205.000000,-71.000000,-32.000000,22.000000,22.000000,22.000000,22.000000,22.000000,22.000000,22.000000,34.000000,34.000000,35.000000,36.000000,36.000000,36.000000,37.000000,1,1,1,1,1,1,1,0,0,0,0,0,0,0,75,5400.235840,967,0,1,0.810450,-0.089999,-0.272000,2.989000,-0.643000,0.000000,1
2.284850,-3.318000,-31.544001,-11.401000,69.497002,19.193001,16.385000,164.531998,0.000000,0.000000,0.000000,0.000000,0.000000,0.000000,0.000000,264.000000,-1245.000000,189.000000,-1417.000000,205.000000,-71.000000,-32.000000,22.000000,22.000000,22.000000,22.000000,22.000000,22.000000,22.000000,34.000000,34.000000,35.000000,36.000000,36.000000,36.000000,37.000000,1,1,1,1,1,1,1,0,0,0,0,0,0,0,75,5400.234863,970,0,1,0.808373,-0.090000,-0.272000,2.989000,-0.642000,0.000000,1
2.294824,-3.183000,-31.931999,-11.379000,70.248001,19.163000,16.096001,164.360992,0.000000,0.000000,0.000000,0.000000,0.000000,0.000000,0.000000,264.000000,-1245.000000,189.000000,-1417.000000,205.000000,-71.000000,-32.000000,22.000000,22.000000,22.000000,22.000000,22.000000,22.000000,22.000000,34.000000,34.000000,35.000000,36.000000,36.000000,36.000000,37.000000,1,1,1,1,1,1,1,0,0,0,0,0,0,0,75,5400.235840,967,0,1,0.806139,-0.089999,-0.272000,2.990000,-0.640000,0.000000,1
2.304830,-3.040000,-32.339001,-11.368000,71.014000,19.128000,15.835000,164.184998,0.000000,0.000000,0.000000,0.000000,0.000000,0.000000,0.000000,264.000000,-1245.000000,189.000000,-1417.000000,205.000000,-71.000000,-32.000000,22.000000,22.000000,22.000000,22.000000,22.000000,22.000000,22.000000,34.000000,34.000000,35.000000,36.000000,36.000000,36.000000,37.000000,1,1,1,1,1,1,1,0,0,0,0,0,0,0,75,5400.235840,967,0,1,0.803729,-0.090000,-0.271999,2.990000,-0.638000,0.000000,1
2.314955,-2.857000,-32.855000,-11.368000,71.952003,19.080999,15.565000,163.968002,0.000000,0.000000,0.000000,0.000000,0.000000,0.000000,0.000000,264.000000,-1245.000000,189.000000,-1417.000000,205.000000,-71.000000,-32.000000,22.000000,22.000000,22.000000,22.000000,22.000000,22.000000,22.000000,34.000000,34.000000,35.000000,36.000000,36.000000,36.000000,37.000000,1,1,1,1,1,1,1,0,0,0,0,0,0,0,75,5400.234863,967,0,1,0.800583,-0.090000,-0.272000,2.991000,-0.635000,0.000000,1
2.324985,-2.696000,-33.308998,-11.380000,72.752998,19.035000,15.378000,163.781006,0.000000,0.000000,0.000000,0.000000,0.000000,0.000000,0.000000,264.000000,-1245.000000,189.000000,-1417.000000,205.000000,-71.000000,-32.000000,22.000000,22.000000,22.000000,22.000000,22.000000,22.000000,22.000000,34.000000,34.000000,35.000000,36.000000,36.000000,36.000000,37.000000,1,1,1,1,1,1,1,0,0,0,0,0,0,0,75,5400.234863,967,0,1,0.797732,-0.089999,-0.272000,2.992000,-0.631000,-0.001000,1
2.335026,-2.527000,-33.785999,-11.404000,73.570000,18.985001,15.228000,163.589005,0.000000,0.000000,0.000000,0.000000,0.000000,0.000000,0.000000,264.000000,-1245.000000,189.000000,-1417.000000,205.000000,-71.000000,-32.000000,22.000000,22.000000,22.000000,22.000000,22.000000,22.000000,22.000000,34.000000,34.000000,35.000000,36.000000,36.000000,36.000000,37.000000,1,1,1,1,1,1,1,0,0,0,0,0,0,0,75,5400.235840,967,0,1,0.794658,-0.090000,-0.272000,2.993000,-0.628000,-0.001000,1
2.344998,-2.352000,-34.286999,-11.439000,74.404999,18.927999,15.119000,163.391998,0.000000,0.000000,0.000000,0.000000,0.000000,0.000000,0.000000,264.000000,-1245.000000,189.000000,-1417.000000,205.000000,-71.000000,-32.000000,22.000000,22.000000,22.000000,22.000000,22.000000,22.000000,22.000000,34.000000,34.000000,35.000000,36.000000,36.000000,36.000000,37.000000,1,1,1,1,1,1,1,0,0,0,0,0,0,0,75,5400.235840,968,0,1,0.791350,-0.090000,-0.271999,2.994000,-0.623000,-0.001000,1
2.355003,-2.133000,-34.922001,-11.498000,75.429001,18.853001,15.044000,163.149002,0.000000,0.000000,0.000000,0.000000,0.000000,0.000000,0.000000,264.000000,-1245.000000,189.000000,-1417.000000,205.000000,-71.000000,-32.000000,22.000000,22.000000,22.000000,22.000000,22.000000,22.000000,22.000000,34.000000,34.000000,35.000000,36.000000,36.000000,36.000000,37.000000,1,1,1,1,1,1,1,0,0,0,0,0,0,0,75,5400.235840,967,0,1,0.787056,-0.090000,-0.271999,2.995000,-0.617000,-0.002000,1
2.364852,-1.945000,-35.478001,-11.560000,76.300003,18.783001,15.032000,162.942001,0.000000,0.000000,0.000000,0.000000,0.000000,0.000000,0.000000,264.000000,-1245.000000,189.000000,-1417.000000,205.000000,-71.000000,-32.000000,22.000000,22.000000,22.000000,22.000000,22.000000,22.000000,22.000000,34.000000,34.000000,35.000000,36.000000,36.000000,36.000000,37.000000,1,1,1,1,1,1,1,0,0,0,0,0,0,0,75,5400.235840,967,0,1,0.783198,-0.090000,-0.272000,2.997000,-0.612000,-0.002000,1
2.374885,-1.754000,-36.060001,-11.635000,77.185997,18.707001,15.066000,162.729996,0.000000,0.000000,0.000000,0.000000,0.000000,0.000000,0.000000,264.000000,-1245.000000,189.000000,-1417.000000,205.000000,-71.000000,-32.000000,22.000000,22.000000,22.000000,22.000000,22.000000,22.000000,22.000000,34.000000,34.000000,35.000000,36.000000,36.000000,36.000000,37.000000,1,1,1,1,1,1,1,0,0,0,0,0,0,0,75,5400.235840,967,0,1,0.779079,-0.090000,-0.271999,2.998000,-0.605000,-0.002000,1
2.384899,-1.560000,-36.665001,-11.723000,78.085999,18.625000,15.150000,162.514008,0.000000,0.000000,0.000000,0.000000,0.000000,0.000000,0.000000,264.000000,-1245.000000,189.000000,-1417.000000,205.000000,-71.000000,-32.000000,22.000000,22.000000,22.000000,22.000000,22.000000,22.000000,22.000000,34.000000,34.000000,35.000000,36.000000,36.000000,36.000000,37.000000,1,1,1,1,1,1,1,0,0,0,0,0,0,0,75,5400.234863,968,0,1,0.774692,-0.090000,-0.272000,3.000000,-0.598000,-0.003000,1
2.394968,-1.443000,-37.040001,-11.782000,78.632004,18.572001,15.224000,162.382996,0.000000,0.000000,0.000000,0.000000,0.000000,0.000000,0.000000,264.000000,-1245.000000,189.000000,-1417.000000,205.000000,-71.000000,-32.000000,22.000000,22.000000,22.000000,22.000000,22.000000,22.000000,22.000000,34.000000,34.000000,35.000000,36.000000,36.000000,36.000000,37.000000,1,1,1,1,1,1,1,0,0,0,0,0,0,0,75,5400.235840,968,0,1,0.771931,-0.089999,-0.272000,3.001000,-0.594000,-0.003000,1
2.404892,-1.247000,-37.683998,-11.889000,79.551003,18.480000,15.388000,162.160004,0.000000,0.000000,0.000000,0.000000,0.000000,0.000000,0.000000,264.000000,-1245.000000,189.000000,-1417.000000,205.000000,-71.000000,-32.000000,22.000000,22.000000,22.000000,22.000000,22.000000,22.000000,22.000000,34.000000,34.000000,35.000000,36.000000,36.000000,36.000000,37.000000,1,1,1,1,1,1,1,0,0,0,0,0,0,0,75,5400.234863,968,0,1,0.767113,-0.090000,-0.271999,3.002000,-0.586000,-0.004000,1
2.414921,-1.051000,-38.348999,-12.010000,80.480003,18.381001,15.604000,161.934006,0.000000,0.000000,0.000000,0.000000,0.000000,0.000000,0.000000,264.000000,-1245.000000,189.000000,-1417.000000,205.000000,-71.000000,-32.000000,22.000000,22.000000,22.000000,22.000000,22.000000,22.000000,22.000000,34.000000,34.000000,35.000000,36.000000,36.000000,36.000000,37.000000,1,1,1,1,1,1,1,0,0,0,0,0,0,0,75,5400.234863,968,0,1,0.762024,-0.090000,-0.271999,3.004000,-0.577000,-0.004000,1
2.424908,-0.858000,-39.035000,-12.143000,81.416000,18.275000,15.872000,161.705002,0.000000,0.000000,0.000000,0.000000,0.000000,0.000000,0.000000,264.000000,-1245.000000,189.000000,-1417.000000,205.000000,-71.000000,-32.000000,22.000000,22.000000,22.000000,22.000000,22.000000,22.000000,22.000000,34.000000,34.000000,35.000000,36.000000,36.000000,36.000000,37.000000,1,1,1,1,1,1,1,0,0,0,0,0,0,0,75,5400.235840,967,0,1,0.756666,-0.090000,-0.271999,3.006000,-0.568000,-0.005000,1
2.434876,-0.628000,-39.882999,-12.320000,82.546997,18.139000,16.263000,161.425995,0.000000,0.000000,0.000000,0.000000,0.000000,0.000000,0.000000,264.000000,-1245.000000,189.000000,-1417.000000,205.000000,-71.000000,-32.000000,22.000000,22.000000,22.000000,22.000000,22.000000,22.000000,22.000000,34.000000,34.000000,35.000000,36.000000,36.000000,36.000000,37.000000,1,1,1,1,1,1,1,0,0,0,0,0,0,0,75,5400.235840,967,0,1,0.749886,-0.089999,-0.272000,3.009000,-0.556000,-0.005000,1
2.444868,-0.441000,-40.606998,-12.481000,83.491997,18.018999,16.645000,161.190994,0.000000,0.000000,0.000000,0.000000,0.000000,0.000000,0.000000,264.000000,-1245.000000,189.000000,-1417.000000,205.000000,-71.000000,-32.000000,22.000000,22.000000,22.000000,22.000000,22.000000,22.000000,22.000000,34.000000,34.000000,35.000000,36.000000,36.000000,36.000000,37.000000,1,1,1,1,1,1,1,0,0,0,0,0,0,0,75,5400.234863,967,0,1,0.743951,-0.089999,-0.271999,3.011000,-0.545000,-0.006000,1
2.454883,-0.259000,-41.346001,-12.654000,84.436996,17.893000,17.077999,160.951996,0.000000,0.000000,0.000000,0.000000,0.000000,0.000000,0.000000,264.000000,-1245.000000,189.000000,-1417.000000,205.000000,-71.000000,-32.000000,22.000000,22.000000,22.000000,22.000000,22.000000,22.000000,22.000000,34.000000,34.000000,35.000000,36.000000,36.000000,36.000000,37.000000,1,1,1,1,1,1,1,0,0,0,0,0,0,0,75,5400.234863,967,0,1,0.737764,-0.090000,-0.272000,3.014000,-0.534000,-0.006000,1
2.464873,-0.081000,-42.097000,-12.840000,85.380997,17.759001,17.561001,160.712006,0.000000,0.000000,0.000000,0.000000,0.000000,0.000000,0.000000,264.000000,-1245.000000,189.000000,-1417.000000,205.000000,-71.000000,-32.000000,22.000000,22.000000,22.000000,22.000000,22.000000,22.000000,22.000000,34.000000,34.000000,35.000000,36.000000,36.000000,36.000000,37.000000,1,1,1,1,1,1,1,0,0,0,0,0,0,0,75,5400.235840,967,0,1,0.731334,-0.090000,-0.271999,3.016000,-0.522000,-0.007000,1
2.474868,0.123000,-43.011002,-13.078000,86.508003,17.591000,18.202999,160.419998,0.000000,0.000000,0.000000,0.000000,0.000000,0.000000,0.000000,264.000000,-1245.000000,189.000000,-1417.000000,205.000000,-71.000000,-32.000000,22.000000,22.000000,22.000000,22.000000,22.000000,22.000000,22.000000,34.000000,34.000000,35.000000,36.000000,36.000000,36.000000,37.000000,1,1,1,1,1,1,1,0,0,0,0,0,0,0,75,5400.235840,967,0,1,0.723312,-0.090000,-0.271999,3.020000,-0.507000,-0.007000,1
2.484947,0.287000,-43.779999,-13.289000,87.440002,17.443001,18.788000,160.173996,0.000000,0.000000,0.000000,0.000000,0.000000,0.000000,0.000000,264.000000,-1245.000000,189.000000,-1417.000000,205.000000,-71.000000,-32.000000,22.000000,22.000000,22.000000,22.000000,22.000000,22.000000,22.000000,34.000000,34.000000,35.000000,36.000000,36.000000,36.000000,37.000000,1,1,1,1,1,1,1,0,0,0,0,0,0,0,75,5400.234863,968,0,1,0.716387,-0.090000,-0.271999,3.022000,-0.494000,-0.008000,1
2.494978,0.351000,-44.088001,-13.377000,87.810997,17.382000,19.034000,160.074997,0.000000,0.000000,0.000000,0.000000,0.000000,0.000000,0.000000,264.000000,-1245.000000,189.000000,-1417.000000,205.000000,-71.000000,-32.000000,22.000000,22.000000,22.000000,22.000000,22.000000,22.000000,22.000000,34.000000,34.000000,35.000000,36.000000,36.000000,36.000000,37.000000,1,1,1,1,1,1,1,0,0,0,0,0,0,0,75,5400.235840,968,0,1,0.713559,-0.089999,-0.271999,3.024000,-0.489000,-0.008000,1
2.504931,0.537000,-45.015999,-13.651000,88.914001,17.193001,19.809000,159.776993,0.000000,0.000000,0.000000,0.000000,0.000000,0.000000,0.000000,264.000000,-1245.000000,189.000000,-1417.000000,205.000000,-71.000000,-32.000000,22.000000,22.000000,22.000000,22.000000,22.000000,22.000000,22.000000,34.000000,34.000000,35.000000,36.000000,36.000000,36.000000,37.000000,1,1,1,1,1,1,1,0,0,0,0,0,0,0,75,5400.237793,968,0,1,0.704889,-0.090000,-0.271999,3.027000,-0.472000,-0.008000,1
2.514948,0.684000,-45.789001,-13.890000,89.821999,17.028999,20.496000,159.526001,0.000000,0.000000,0.000000,0.000000,0.000000,0.000000,0.000000,264.000000,-1245.000000,189.000000,-1417.000000,205.000000,-71.000000,-32.000000,22.000000,22.000000,22.000000,22.000000,22.000000,22.000000,22.000000,34.000000,34.000000,35.000000,36.000000,36.000000,36.000000,37.000000,1,1,1,1,1,1,1,0,0,0,0,0,0,0,75,5400.235840,967,0,1,0.697467,-0.089999,-0.272000,3.030000,-0.458000,-0.009000,1
2.524853,0.824000,-46.560001,-14.140000,90.719002,16.858000,21.215000,159.272995,0.000000,0.000000,0.000000,0.000000,0.000000,0.000000,0.000000,264.000000,-1245.000000,189.000000,-1417.000000,205.000000,-71.000000,-32.000000,22.000000,22.000000,22.000000,22.000000,22.000000,22.000000,22.000000,34.000000,34.000000,35.000000,36.000000,36.000000,36.000000,37.000000,1,1,1,1,1,1,1,0,0,0,0,0,0,0,75,5400.235840,967,0,1,0.689883,-0.089999,-0.272000,3.033000,-0.443000,-0.009000,1
2.534957,0.958000,-47.325001,-14.399000,91.601997,16.681999,21.962000,159.018005,0.000000,0.000000,0.000000,0.000000,0.000000,0.000000,0.000000,264.000000,-1245.000000,189.000000,-1417.000000,205.000000,-71.000000,-32.000000,22.000000,22.000000,22.000000,22.000000,22.000000,22.000000,22.000000,34.000000,34.000000,35.000000,36.000000,36.000000,36.000000,37.000000,1,1,1,1,1,1,1,0,0,0,0,0,0,0,75,5400.235840,967,0,1,0.682157,-0.090000,-0.272000,3.036000,-0.428000,-0.009000,1
2.544899,1.085000,-48.082001,-14.667000,92.472000,16.499001,22.733999,158.761993,0.000000,0.000000,0.000000,0.000000,0.000000,0.000000,0.000000,264.000000,-1245.000000,189.000000,-1417.000000,205.000000,-71.000000,-32.000000,22.000000,22.000000,22.000000,22.000000,22.000000,22.000000,22.000000,34.000000,34.000000,35.000000,36.000000,36.000000,36.000000,37.000000,1,1,1,1,1,1,1,0,0,0,0,0,0,0,75,5400.235840,967,0,1,0.674306,-0.089999,-0.271999,3.039000,-0.413000,-0.009000,1
2.554823,1.229000,-48.976002,-15.000000,93.496002,16.271999,23.684000,158.451996,0.000000,0.000000,0.000000,0.000000,0.000000,0.000000,0.000000,264.000000,-1245.000000,189.000000,-1417.000000,205.000000,-71.000000,-32.000000,22.000000,22.000000,22.000000,22.000000,22.000000,22.000000,22.000000,34.000000,34.000000,35.000000,36.000000,36.000000,36.000000,37.000000,1,1,1,1,1,1,1,0,0,0,0,0,0,0,75,5400.235840,967,0,1,0.664751,-0.090000,-0.271999,3.043000,-0.394000,-0.010000,1
2.564812,1.343000,-49.709000,-15.285000,94.334000,16.077999,24.490000,158.192001,0.000000,0.000000,0.000000,0.000000,0.000000,0.000000,0.000000,264.000000,-1245.000000,189.000000,-1417.000000,205.000000,-71.000000,-32.000000,22.000000,22.000000,22.000000,22.000000,22.000000,22.000000,22.000000,34.000000,34.000000,35.000000,36.000000,36.000000,36.000000,37.000000,1,1,1,1,1,1,1,0,0,0,0,0,0,0,75,5400.235840,967,0,1,0.656700,-0.090000,-0.272000,3.046000,-0.378000,-0.010000,1
2.574900,1.451000,-50.425999,-15.577000,95.156998,15.878000,25.305000,157.931000,0.000000,0.000000,0.000000,0.000000,0.000000,0.000000,0.000000,264.000000,-1245.000000,189.000000,-1417.000000,205.000000,-71.000000,-32.000000,22.000000,22.000000,22.000000,22.000000,22.000000,22.000000,22.000000,34.000000,34.000000,35.000000,36.000000,36.000000,36.000000,37.000000,1,1,1,1,1,1,1,0,0,0,0,0,0,0,75,5400.234863,968,0,1,0.648592,-0.090000,-0.271999,3.049000,-0.363000,-0.010000,1
2.584904,1.553000,-51.127998,-15.874000,95.966003,15.675000,26.122999,157.667999,0.000000,0.000000,0.000000,0.000000,0.000000,0.000000,0.000000,264.000000,-1245.000000,189.000000,-1417.000000,205.000000,-71.000000,-32.000000,22.000000,22.000000,22.000000,22.000000,22.000000,22.000000,22.000000,34.000000,34.000000,35.000000,36.000000,36.000000,36.000000,37.000000,1,1,1,1,1,1,1,0,0,0,0,0,0,0,75,5400.234863,968,0,1,0.640448,-0.090000,-0.272000,3.052000,-0.347000,-0.010000,1
2.594923,1.669000,-51.945999,-16.237000,96.917000,15.426000,27.101999,157.352005,0.000000,0.000000,0.000000,0.000000,0.000000,0.000000,0.000000,264.000000,-1245.000000,189.000000,-1417.000000,205.000000,-71.000000,-32.000000,22.000000,22.000000,22.000000,22.000000,22.000000,22.000000,22.000000,34.000000,34.000000,35.000000,36.000000,36.000000,36.000000,37.000000,1,1,1,1,1,1,1,0,0,0,0,0,0,0,75,5400.234863,967,0,1,0.630661,-0.090000,-0.271999,3.056000,-0.327000,-0.010000,1
2.605019,1.760000,-52.606998,-16.542999,97.692001,15.214000,27.910999,157.087006,0.000000,0.000000,0.000000,0.000000,0.000000,0.000000,0.000000,264.000000,-1245.000000,189.000000,-1417.000000,205.000000,-71.000000,-32.000000,22.000000,22.000000,22.000000,22.000000,22.000000,22.000000,22.000000,34.000000,34.000000,35.000000,36.000000,36.000000,36.000000,37.000000,1,1,1,1,1,1,1,0,0,0,0,0,0,0,75,5400.235840,968,0,1,0.622517,-0.089999,-0.271999,3.059000,-0.311000,-0.010000,1
2.614978,1.796000,-52.865002,-16.667000,97.998001,15.129000,28.232000,156.981003,0.000000,0.000000,0.000000,0.000000,0.000000,0.000000,0.000000,264.000000,-1245.000000,189.000000,-1417.000000,205.000000,-71.000000,-32.000000,22.000000,22.000000,22.000000,22.000000,22.000000,22.000000,22.000000,34.000000,34.000000,35.000000,36.000000,36.000000,36.000000,37.000000,1,1,1,1,1,1,1,0,0,0,0,0,0,0,75,5400.234863,968,0,1,0.619268,-0.090000,-0.271999,3.060000,-0.305000,-0.010000,1
2.625069,1.897000,-53.619999,-17.040001,98.902000,14.872000,29.181999,156.662003,0.000000,0.000000,0.000000,0.000000,0.000000,0.000000,0.000000,264.000000,-1245.000000,189.000000,-1417.000000,205.000000,-71.000000,-32.000000,22.000000,22.000000,22.000000,22.000000,22.000000,22.000000,22.000000,34.000000,34.000000,35.000000,36.000000,36.000000,36.000000,37.000000,1,1,1,1,1,1,1,0,0,0,0,0,0,0,75,5400.235840,967,0,1,0.609569,-0.089999,-0.272000,3.064000,-0.286000,-0.009000,1
2.634898,1.977000,-54.226002,-17.351999,99.639000,14.655000,29.954000,156.397003,0.000000,0.000000,0.000000,0.000000,0.000000,0.000000,0.000000,264.000000,-1245.000000,189.000000,-1417.000000,205.000000,-71.000000,-32.000000,22.000000,22.000000,22.000000,22.000000,22.000000,22.000000,22.000000,34.000000,34.000000,35.000000,36.000000,36.000000,36.000000,37.000000,1,1,1,1,1,1,1,0,0,0,0,0,0,0,75,5400.234863,968,0,1,0.601561,-0.089999,-0.271999,3.067000,-0.270000,-0.009000,1
2.644926,2.052000,-54.808998,-17.665001,100.362999,14.439000,30.705000,156.130997,0.000000,0.000000,0.000000,0.000000,0.000000,0.000000,0.000000,264.000000,-1245.000000,189.000000,-1417.000000,205.000000,-71.000000,-32.000000,22.000000,22.000000,22.000000,22.000000,22.000000,22.000000,22.000000,34.000000,34.000000,35.000000,36.000000,36.000000,36.000000,37.000000,1,1,1,1,1,1,1,0,0,0,0,0,0,0,75,5400.232910,967,0,1,0.593643,-0.090000,-0.271999,3.070000,-0.255000,-0.009000,1
2.654975,2.138000,-55.480000,-18.039000,101.213997,14.179000,31.572001,155.813995,0.000000,0.000000,0.000000,0.000000,0.000000,0.000000,0.000000,264.000000,-1245.000000,189.000000,-1417.000000,205.000000,-71.000000,-32.000000,22.000000,22.000000,22.000000,22.000000,22.000000,22.000000,22.000000,34.000000,34.000000,35.000000,36.000000,36.000000,36.000000,37.000000,1,1,1,1,1,1,1,0,0,0,0,0,0,0,75,5400.234863,968,0,1,0.584289,-0.090000,-0.272000,3.073000,-0.237000,-0.008000,1
2.664958,2.205000,-56.014000,-18.350000,101.908997,13.963000,32.263000,155.550003,0.000000,0.000000,0.000000,0.000000,0.000000,0.000000,0.000000,264.000000,-1245.000000,189.000000,-1417.000000,205.000000,-71.000000,-32.000000,22.000000,22.000000,22.000000,22.000000,22.000000,22.000000,22.000000,34.000000,34.000000,35.000000,36.000000,36.000000,36.000000,37.000000,1,1,1,1,1,1,1,0,0,0,0,0,0,0,75,5400.235840,968,0,1,0.576640,-0.089999,-0.271999,3.076000,-0.222000,-0.008000,1
2.675028,2.269000,-56.526001,-18.658001,102.592003,13.750000,32.922001,155.287994,0.000000,0.000000,0.000000,0.000000,0.000000,0.000000,0.000000,264.000000,-1245.000000,189.000000,-1417.000000,205.000000,-71.000000,-32.000000,22.000000,22.000000,22.000000,22.000000,22.000000,22.000000,22.000000,34.000000,34.000000,35.000000,36.000000,36.000000,36.000000,37.000000,1,1,1,1,1,1,1,0,0,0,0,0,0,0,75,5400.234863,967,0,1,0.569144,-0.089999,-0.272000,3.078000,-0.208000,-0.008000,1
2.684895,2.341000,-57.111000,-19.023001,103.394997,13.498000,33.667000,154.975998,0.000000,0.000000,0.000000,0.000000,0.000000,0.000000,0.000000,264.000000,-1245.000000,189.000000,-1417.000000,205.000000,-71.000000,-32.000000,22.000000,22.000000,22.000000,22.000000,22.000000,22.000000,22.000000,34.000000,34.000000,35.000000,36.000000,36.000000,36.000000,37.000000,1,1,1,1,1,1,1,0,0,0,0,0,0,0,75,5400.235840,967,0,1,0.560375,-0.090000,-0.271999,3.082000,-0.191000,-0.007000,1
2.694866,2.364000,-57.299999,-19.143000,103.658997,13.415000,33.903999,154.873001,0.000000,0.000000,0.000000,0.000000,0.000000,0.000000,0.000000,264.000000,-1245.000000,189.000000,-1417.000000,205.000000,-71.000000,-32.000000,22.000000,22.000000,22.000000,22.000000,22.000000,22.000000,22.000000,34.000000,34.000000,35.000000,36.000000,36.000000,36.000000,37.000000,1,1,1,1,1,1,1,0,0,0,0,0,0,0,75,5400.235840,967,0,1,0.557511,-0.090000,-0.272000,3.083000,-0.186000,-0.007000,1
2.704875,2.451000,-58.020000,-19.617001,104.695999,13.090000,34.790001,154.464005,0.000000,0.000000,0.000000,0.000000,0.000000,0.000000,0.000000,264.000000,-1245.000000,189.000000,-1417.000000,205.000000,-71.000000,-32.000000,22.000000,22.000000,22.000000,22.000000,22.000000,22.000000,22.000000,34.000000,34.000000,35.000000,36.000000,36.000000,36.000000,37.000000,1,1,1,1,1,1,1,0,0,0,0,0,0,0,75,5400.235840,967,0,1,0.546378,-0.090000,-0.271999,3.087000,-0.165000,-0.006000,1
2.714905,2.501000,-58.445000,-19.906000,105.329002,12.893000,35.292999,154.212006,0.000000,0.000000,0.000000,0.000000,0.000000,0.000000,0.000000,264.000000,-1245.000000,189.000000,-1417.000000,205.000000,-71.000000,-32.000000,22.000000,22.000000,22.000000,22.000000,22.000000,22.000000,22.000000,34.000000,34.000000,35.000000,36.000000,36.000000,36.000000,37.000000,1,1,1,1,1,1,1,0,0,0,0,0,0,0,75,5400.234863,967,0,1,0.539700,-0.090000,-0.271999,3.089000,-0.152000,-0.006000,1
2.725067,2.529000,-58.689999,-20.076000,105.704002,12.778000,35.576000,154.063004,0.000000,0.000000,0.000000,0.000000,0.000000,0.000000,0.000000,264.000000,-1245.000000,189.000000,-1417.000000,205.000000,-71.000000,-32.000000,22.000000,22.000000,22.000000,22.000000,22.000000,22.000000,22.000000,34.000000,34.000000,35.000000,36.000000,36.000000,36.000000,37.000000,1,1,1,1,1,1,1,0,0,0,0,0,0,0,75,5400.234863,968,0,1,0.535803,-0.090000,-0.271999,3.090000,-0.145000,-0.005000,1
2.734888,2.574000,-59.084999,-20.354000,106.319000,12.591000,36.014000,153.817993,0.000000,0.000000,0.000000,0.000000,0.000000,0.000000,0.000000,264.000000,-1245.000000,189.000000,-1417.000000,205.000000,-71.000000,-32.000000,22.000000,22.000000,22.000000,22.000000,22.000000,22.000000,22.000000,34.000000,34.000000,35.000000,36.000000,36.000000,36.000000,37.000000,1,1,1,1,1,1,1,0,0,0,0,0,0,0,75,5400.234863,968,0,1,0.529498,-0.090000,-0.272000,3.092000,-0.134000,-0.005000,1
2.744869,2.616000,-59.463001,-20.624001,106.922997,12.410000,36.411999,153.576996,0.000000,0.000000,0.000000,0.000000,0.000000,0.000000,0.000000,264.000000,-1245.000000,189.000000,-1417.000000,205.000000,-71.000000,-32.000000,22.000000,22.000000,22.000000,22.000000,22.000000,22.000000,22.000000,34.000000,34.000000,35.000000,36.000000,36.000000,36.000000,37.000000,1,1,1,1,1,1,1,0,0,0,0,0,0,0,75,5400.234863,968,0,1,0.523440,-0.090000,-0.271999,3.095000,-0.123000,-0.005000,1
2.754831,2.654000,-59.825001,-20.886999,107.515999,12.238000,36.769001,153.341003,0.000000,0.000000,0.000000,0.000000,0.000000,0.000000,0.000000,264.000000,-1245.000000,189.000000,-1417.000000,205.000000,-71.000000,-32.000000,22.000000,22.000000,22.000000,22.000000,22.000000,22.000000,22.000000,34.000000,34.000000,35.000000,36.000000,36.000000,36.000000,37.000000,1,1,1,1,1,1,1,0,0,0,0,0,0,0,75,5400.235840,967,0,1,0.517636,-0.090000,-0.271999,3.096000,-0.112000,-0.004000,1
2.764917,2.696000,-60.240002,-21.190001,108.211998,12.041000,37.144001,153.065002,0.000000,0.000000,0.000000,0.000000,0.000000,0.000000,0.000000,264.000000,-1245.000000,189.000000,-1417.000000,205.000000,-71.000000,-32.000000,22.000000,22.000000,22.000000,22.000000,22.000000,22.000000,22.000000,34.000000,34.000000,35.000000,36.000000,36.000000,36.000000,37.000000,1,1,1,1,1,1,1,0,0,0,0,0,0,0,75,5400.235840,967,0,1,0.511016,-0.089999,-0.271999,3.099000,-0.101000,-0.003000,1
2.774920,2.728000,-60.570000,-21.433001,108.779999,11.886000,37.411999,152.839996,0.000000,0.000000,0.000000,0.000000,0.000000,0.000000,0.000000,264.000000,-1245.000000,189.000000,-1417.000000,205.000000,-71.000000,-32.000000,22.000000,22.000000,22.000000,22.000000,22.000000,22.000000,22.000000,34.000000,34.000000,35.000000,36.000000,36.000000,36.000000,37.000000,1,1,1,1,1,1,1,0,0,0,0,0,0,0,75,5400.235840,967,0,1,0.505791,-0.089999,-0.272000,3.100000,-0.092000,-0.003000,1
2.784988,2.756000,-60.888000,-21.666000,109.335999,11.740000,37.641998,152.621994,0.000000,0.000000,0.000000,0.000000,0.000000,0.000000,0.000000,264.000000,-1245.000000,189.000000,-1417.000000,205.000000,-71.000000,-32.000000,22.000000,22.000000,22.000000,22.000000,22.000000,22.000000,22.000000,34.000000,34.000000,35.000000,36.000000,36.000000,36.000000,37.000000,1,1,1,1,1,1,1,0,0,0,0,0,0,0,75,5400.235840,968,0,1,0.500835,-0.089999,-0.272000,3.102000,-0.084000,-0.003000,1
2.794937,2.782000,-61.194000,-21.889000,109.882004,11.603000,37.834000,152.408997,0.000000,0.000000,0.000000,0.000000,0.000000,0.000000,0.000000,264.000000,-1245.000000,189.000000,-1417.000000,205.000000,-71.000000,-32.000000,22.000000,22.000000,22.000000,22.000000,22.000000,22.000000,22.000000,34.000000,34.000000,35.000000,36.000000,36.000000,36.000000,37.000000,1,1,1,1,1,1,1,0,0,0,0,0,0,0,75,5400.234863,968,0,1,0.496148,-0.090000,-0.271999,3.103000,-0.076000,-0.002000,1
2.804961,2.804000,-61.490002,-22.103001,110.416000,11.475000,37.988998,152.201996,0.000000,0.000000,0.000000,0.000000,0.000000,0.000000,0.000000,264.000000,-1245.000000,189.000000,-1417.000000,205.000000,-71.000000,-32.000000,22.000000,22.000000,22.000000,22.000000,22.000000,22.000000,22.000000,34.000000,34.000000,35.000000,36.000000,36.000000,36.000000,37.000000,1,1,1,1,1,1,1,0,0,0,0,0,0,0,75,5400.235840,968,0,1,0.491729,-0.090000,-0.271999,3.105000,-0.069000,-0.002000,1
2.814895,2.827000,-61.833000,-22.346001,111.042000,11.335000,38.129002,151.962997,0.000000,0.000000,0.000000,0.000000,0.000000,0.000000,0.000000,264.000000,-1245.000000,189.000000,-1417.000000,205.000000,-71.000000,-32.000000,22.000000,22.000000,22.000000,22.000000,22.000000,22.000000,22.000000,34.000000,34.000000,35.000000,36.000000,36.000000,36.000000,37.000000,1,1,1,1,1,1,1,0,0,0,0,0,0,0,75,5400.234863,968,0,1,0.486776,-0.090000,-0.272000,3.106000,-0.062000,-0.001000,1
2.824945,2.834000,-61.944000,-22.423000,111.247002,11.291000,38.165001,151.884995,0.000000,0.000000,0.000000,0.000000,0.000000,0.000000,0.000000,264.000000,-1245.000000,189.000000,-1417.000000,205.000000,-71.000000,-32.000000,22.000000,22.000000,22.000000,22.000000,22.000000,22.000000,22.000000,34.000000,34.000000,35.000000,36.000000,36.000000,36.000000,37.000000,1,1,1,1,1,1,1,0,0,0,0,0,0,0,75,5400.234863,967,0,1,0.485209,-0.090000,-0.272000,3.107000,-0.059000,-0.001000,1
2.834915,2.857000,-62.377998,-22.718000,112.051003,11.130000,38.256001,151.582993,0.000000,0.000000,0.000000,0.000000,0.000000,0.000000,0.000000,264.000000,-1245.000000,189.000000,-1417.000000,205.000000,-71.000000,-32.000000,22.000000,22.000000,22.000000,22.000000,22.000000,22.000000,22.000000,34.000000,34.000000,35.000000,36.000000,36.000000,36.000000,37.000000,1,1,1,1,1,1,1,0,0,0,0,0,0,0,75,5400.234863,968,0,1,0.479346,-0.090000,-0.272000,3.108000,-0.051000,-0.001000,1
2.844948,2.864000,-62.536999,-22.822001,112.345001,11.076000,38.270000,151.473007,0.000000,0.000000,0.000000,0.000000,0.000000,0.000000,0.000000,264.000000,-1245.000000,189.000000,-1417.000000,205.000000,-71.000000,-32.000000,22.000000,22.000000,22.000000,22.000000,22.000000,22.000000,22.000000,34.000000,34.000000,35.000000,36.000000,36.000000,36.000000,37.000000,1,1,1,1,1,1,1,0,0,0,0,0,0,0,75,5400.234863,967,0,1,0.477311,-0.090000,-0.271999,3.109000,-0.048000,-0.001000,1
2.854919,2.874000,-62.796001,-22.987000,112.828003,10.993000,38.271000,151.296005,0.000000,0.000000,0.000000,0.000000,0.000000,0.000000,0.000000,264.000000,-1245.000000,189.000000,-1417.000000,205.000000,-71.000000,-32.000000,22.000000,22.000000,22.000000,22.000000,22.000000,22.000000,22.000000,34.000000,34.000000,35.000000,36.000000,36.000000,36.000000,37.000000,1,1,1,1,1,1,1,0,0,0,0,0,0,0,75,5400.234863,967,0,1,0.474109,-0.090000,-0.271999,3.109000,-0.044000,0.000000,1
2.864925,2.882000,-63.099998,-23.173000,113.394997,10.904000,38.236000,151.091003,0.000000,0.000000,0.000000,0.000000,0.000000,0.000000,0.000000,264.000000,-1245.000000,189.000000,-1417.000000,205.000000,-71.000000,-32.000000,22.000000,22.000000,22.000000,22.000000,22.000000,22.000000,22.000000,34.000000,34.000000,35.000000,36.000000,36.000000,36.000000,37.000000,1,1,1,1,1,1,1,0,0,0,0,0,0,0,75,5400.235840,967,0,1,0.470566,-0.090000,-0.272000,3.110000,-0.040000,0.000000,1
2.874848,2.887000,-63.348999,-23.319000,113.857002,10.840000,38.179001,150.925995,0.000000,0.000000,0.000000,0.000000,0.000000,0.000000,0.000000,264.000000,-1245.000000,189.000000,-1417.000000,205.000000,-71.000000,-32.000000,22.000000,22.000000,22.000000,22.000000,22.000000,22.000000,22.000000,34.000000,34.000000,35.000000,36.000000,36.000000,36.000000,37.000000,1,1,1,1,1,1,1,0,0,0,0,0,0,0,75,5400.235840,967,0,1,0.467848,-0.090000,-0.271999,3.111000,-0.038000,0.000000,1
2.884847,2.890000,-63.594002,-23.455999,114.309998,10.783000,38.098999,150.766006,0.000000,0.000000,0.000000,0.000000,0.000000,0.000000,0.000000,264.000000,-1245.000000,189.000000,-1417.000000,205.000000,-71.000000,-32.000000,22.000000,22.000000,22.000000,22.000000,22.000000,22.000000,22.000000,34.000000,34.000000,35.000000,36.000000,36.000000,36.000000,37.000000,1,1,1,1,1,1,1,0,0,0,0,0,0,0,75,5400.235840,967,0,1,0.465330,-0.090000,-0.272000,3.111000,-0.035000,0.000000,1
2.894892,2.891000,-63.834999,-23.584999,114.755997,10.734000,37.999001,150.610992,0.000000,0.000000,0.000000,0.000000,0.000000,0.000000,0.000000,264.000000,-1245.000000,189.000000,-1417.000000,205.000000,-71.000000,-32.000000,22.000000,22.000000,22.000000,22.000000,22.000000,22.000000,22.000000,34.000000,34.000000,35.000000,36.000000,36.000000,36.000000,37.000000,1,1,1,1,1,1,1,0,0,0,0,0,0,0,75,5400.235840,968,0,1,0.462994,-0.090000,-0.271999,3.112000,-0.033000,0.000000,1
2.904905,2.891000,-64.073997,-23.707001,115.194000,10.692000,37.881001,150.460007,0.000000,0.000000,0.000000,0.000000,0.000000,0.000000,0.000000,264.000000,-1245.000000,189.000000,-1417.000000,205.000000,-71.000000,-32.000000,22.000000,22.000000,22.000000,22.000000,22.000000,22.000000,22.000000,34.000000,34.000000,35.000000,36.000000,36.000000,36.000000,37.000000,1,1,1,1,1,1,1,0,0,0,0,0,0,0,75,5400.235840,968,0,1,0.460825,-0.090000,-0.271999,3.112000,-0.032000,0.000000,1
2.914911,2.889000,-64.357002,-23.846001,115.710999,10.648000,37.716999,150.283997,0.000000,0.000000,0.000000,0.000000,0.000000,0.000000,0.000000,264.000000,-1245.000000,189.000000,-1417.000000,205.000000,-71.000000,-32.000000,22.000000,22.000000,22.000000,22.000000,22.000000,22.000000,22.000000,34.000000,34.000000,35.000000,36.000000,36.000000,36.000000,37.000000,1,1,1,1,1,1,1,0,0,0,0,0,0,0,75,5400.235840,968,0,1,0.458417,-0.089999,-0.272000,3.112000,-0.030000,0.000000,1
2.924888,2.888000,-64.450996,-23.889999,115.882004,10.636000,37.657001,150.225998,0.000000,0.000000,0.000000,0.000000,0.000000,0.000000,0.000000,264.000000,-1245.000000,189.000000,-1417.000000,205.000000,-71.000000,-32.000000,22.000000,22.000000,22.000000,22.000000,22.000000,22.000000,22.000000,34.000000,34.000000,35.000000,36.000000,36.000000,36.000000,37.000000,1,1,1,1,1,1,1,0,0,0,0,0,0,0,75,5400.235840,968,0,1,0.457657,-0.089999,-0.272000,3.112000,-0.030000,0.000000,1
2.934877,2.884000,-64.822998,-24.061001,116.555000,10.591000,37.402000,149.998993,0.000000,0.000000,0.000000,0.000000,0.000000,0.000000,0.000000,264.000000,-1245.000000,189.000000,-1417.000000,205.000000,-71.000000,-32.000000,22.000000,22.000000,22.000000,22.000000,22.000000,22.000000,22.000000,34.000000,34.000000,35.000000,36.000000,36.000000,36.000000,37.000000,1,1,1,1,1,1,1,0,0,0,0,0,0,0,75,5400.235840,968,0,1,0.454792,-0.089999,-0.272000,3.112000,-0.029000,0.000000,1
2.944918,2.881000,-64.961998,-24.122000,116.805000,10.577000,37.299999,149.916000,0.000000,0.000000,0.000000,0.000000,0.000000,0.000000,0.000000,264.000000,-1245.000000,189.000000,-1417.000000,205.000000,-71.000000,-32.000000,22.000000,22.000000,22.000000,22.000000,22.000000,22.000000,22.000000,34.000000,34.000000,35.000000,36.000000,36.000000,36.000000,37.000000,1,1,1,1,1,1,1,0,0,0,0,0,0,0,75,5400.235840,968,0,1,0.453779,-0.090000,-0.272000,3.112000,-0.029000,0.000000,1
2.954940,2.878000,-65.192001,-24.223000,117.217003,10.556000,37.123001,149.778000,0.000000,0.000000,0.000000,0.000000,0.000000,0.000000,0.000000,264.000000,-1245.000000,189.000000,-1417.000000,205.000000,-71.000000,-32.000000,22.000000,22.000000,22.000000,22.000000,22.000000,22.000000,22.000000,34.000000,34.000000,35.000000,36.000000,36.000000,36.000000,37.000000,1,1,1,1,1,1,1,0,0,0,0,0,0,0,75,5400.235840,968,0,1,0.452147,-0.089999,-0.272000,3.112000,-0.029000,0.000000,1
2.964889,2.874000,-65.421997,-24.323000,117.626999,10.536000,36.942001,149.641006,0.000000,0.000000,0.000000,0.000000,0.000000,0.000000,0.000000,264.000000,-1245.000000,189.000000,-1417.000000,205.000000,-71.000000,-32.000000,22.000000,22.000000,22.000000,22.000000,22.000000,22.000000,22.000000,34.000000,34.000000,35.000000,36.000000,36.000000,36.000000,37.000000,1,1,1,1,1,1,1,0,0,0,0,0,0,0,75,5400.234863,967,0,1,0.450567,-0.090000,-0.272000,3.112000,-0.029000,0.000000,1
2.974895,2.869000,-65.696999,-24.443001,118.115997,10.513000,36.722000,149.477005,0.000000,0.000000,0.000000,0.000000,0.000000,0.000000,0.000000,264.000000,-1245.000000,189.000000,-1417.000000,205.000000,-71.000000,-32.000000,22.000000,22.000000,22.000000,22.000000,22.000000,22.000000,22.000000,34.000000,34.000000,35.000000,36.000000,36.000000,36.000000,37.000000,1,1,1,1,1,1,1,0,0,0,0,0,0,0,75,5400.234863,968,0,1,0.448710,-0.089999,-0.272000,3.113000,-0.028000,0.000000,1
2.985018,2.866000,-65.928001,-24.546000,118.522003,10.492000,36.536999,149.339005,0.000000,0.000000,0.000000,0.000000,0.000000,0.000000,0.000000,264.000000,-1245.000000,189.000000,-1417.000000,205.000000,-71.000000,-32.000000,22.000000,22.000000,22.000000,22.000000,22.000000,22.000000,22.000000,34.000000,34.000000,35.000000,36.000000,36.000000,36.000000,37.000000,1,1,1,1,1,1,1,0,0,0,0,0,0,0,75,5400.234863,967,0,1,0.447162,-0.090007,-0.271999,3.113000,-0.028000,0.000000,0
2.994912,2.864000,-66.157997,-24.650999,118.928001,10.471000,36.354000,149.199997,0.000000,0.000000,0.000000,0.000000,0.000000,0.000000,0.000000,264.000000,-1245.000000,189.000000,-1417.000000,205.000000,-71.000000,-32.000000,22.000000,22.000000,22.000000,22.000000,22.000000,22.000000,22.000000,34.000000,34.000000,35.000000,36.000000,36.000000,36.000000,37.000000,1,1,1,1,1,1,1,0,0,0,0,0,0,0,75,5400.235840,968,0,1,0.445616,-0.090012,-0.272000,3.113000,-0.029000,0.000000,0
3.004976,2.854000,-66.388000,-24.747000,119.335999,10.453000,36.169998,149.065994,0.000000,0.000000,0.000000,0.000000,0.000000,0.000000,0.000000,264.000000,-1245.000000,189.000000,-1417.000000,205.000000,-71.000000,-32.000000,22.000000,22.000000,22.000000,22.000000,22.000000,22.000000,22.000000,34.000000,34.000000,35.000000,36.000000,36.000000,36.000000,37.000000,1,1,1,1,1,1,1,0,0,0,0,0,0,0,75,5400.235840,967,0,1,0.444070,-0.089974,-0.272000,3.113000,-0.029000,0.000000,0
3.014895,2.828000,-66.620003,-24.823000,119.750000,10.444000,35.986000,148.944000,0.000000,0.000000,0.000000,0.000000,0.000000,0.000000,0.000000,264.000000,-1245.000000,189.000000,-1417.000000,205.000000,-71.000000,-32.000000,22.000000,22.000000,22.000000,22.000000,22.000000,22.000000,22.000000,34.000000,34.000000,35.000000,36.000000,36.000000,36.000000,37.000000,1,1,1,1,1,1,1,0,0,0,0,0,0,0,75,5400.234863,967,0,1,0.442529,-0.089848,-0.272000,3.113000,-0.028000,0.000000,0
3.024902,2.769000,-66.897003,-24.875000,120.257004,10.449000,35.764000,148.819000,0.000000,0.000000,0.000000,0.000000,0.000000,0.000000,0.000000,264.000000,-1245.000000,189.000000,-1417.000000,205.000000,-71.000000,-32.000000,22.000000,22.000000,22.000000,22.000000,22.000000,22.000000,22.000000,34.000000,34.000000,35.000000,36.000000,36.000000,36.000000,37.000000,1,1,1,1,1,1,1,0,0,0,0,0,0,0,75,5400.235840,968,0,1,0.440699,-0.089532,-0.272000,3.113000,-0.029000,0.000000,3
3.034912,2.693000,-67.144997,-24.886999,120.716003,10.466000,35.564999,148.729996,0.000000,0.000000,0.000000,0.000000,0.000000,0.000000,0.000000,264.000000,-1245.000000,189.000000,-1417.000000,205.000000,-71.000000,-32.000000,22.000000,22.000000,22.000000,22.000000,22.000000,22.000000,22.000000,34.000000,34.000000,35.000000,36.000000,36.000000,36.000000,37.000000,1,1,1,1,1,1,1,0,0,0,0,0,0,0,75,5400.235840,967,0,1,0.439090,-0.089107,-0.272000,3.113000,-0.028000,0.000000,3
3.044946,2.630000,-67.307999,-24.875000,121.023003,10.483000,35.432999,148.682999,0.000000,0.000000,0.000000,0.000000,0.000000,0.000000,0.000000,264.000000,-1245.000000,189.000000,-1417.000000,205.000000,-71.000000,-32.000000,22.000000,22.000000,22.000000,22.000000,22.000000,22.000000,22.000000,34.000000,34.000000,35.000000,36.000000,36.000000,36.000000,37.000000,1,1,1,1,1,1,1,0,0,0,0,0,0,0,75,5400.234863,968,0,1,0.438036,-0.088748,-0.272000,3.113000,-0.028000,0.000000,3
3.054904,2.488000,-67.606003,-24.812000,121.589996,10.530000,35.193001,148.625000,0.000000,0.000000,0.000000,0.000000,0.000000,0.000000,0.000000,264.000000,-1245.000000,189.000000,-1417.000000,205.000000,-71.000000,-32.000000,22.000000,22.000000,22.000000,22.000000,22.000000,22.000000,22.000000,34.000000,34.000000,35.000000,36.000000,36.000000,36.000000,37.000000,1,1,1,1,1,1,1,0,0,0,0,0,0,0,75,5400.235840,967,0,1,0.436147,-0.087934,-0.272000,3.113000,-0.028000,0.000000,3
3.064947,2.300000,-67.914001,-24.684999,122.191002,10.605000,34.944000,148.600006,0.000000,0.000000,0.000000,0.000000,0.000000,0.000000,0.000000,264.000000,-1245.000000,189.000000,-1417.000000,205.000000,-71.000000,-32.000000,22.000000,22.000000,22.000000,22.000000,22.000000,22.000000,22.000000,34.000000,34.000000,35.000000,36.000000,36.000000,36.000000,37.000000,1,1,1,1,1,1,1,0,0,0,0,0,0,0,75,5400.235840,967,0,1,0.434223,-0.086848,-0.272000,3.113000,-0.028000,0.000000,3
3.074893,2.024000,-68.265999,-24.451000,122.893997,10.732000,34.660000,148.619995,0.000000,0.000000,0.000000,0.000000,0.000000,0.000000,0.000000,264.000000,-1245.000000,189.000000,-1417.000000,205.000000,-71.000000,-32.000000,22.000000,22.000000,22.000000,22.000000,22.000000,22.000000,22.000000,34.000000,34.000000,35.000000,36.000000,36.000000,36.000000,37.000000,1,1,1,1,1,1,1,0,0,0,0,0,0,0,75,5400.235840,967,0,1,0.432074,-0.085262,-0.272000,3.113000,-0.028000,0.000000,3
3.084920,1.756000,-68.537003,-24.188999,123.454002,10.869000,34.439999,148.679001,0.000000,0.000000,0.000000,0.000000,0.000000,0.000000,0.000000,264.000000,-1245.000000,189.000000,-1417.000000,205.000000,-71.000000,-32.000000,22.000000,22.000000,22.000000,22.000000,22.000000,22.000000,22.000000,34.000000,34.000000,35.000000,36.000000,36.000000,36.000000,37.000000,1,1,1,1,1,1,1,0,0,0,0,0,0,0,75,5400.234863,967,0,1,0.430458,-0.083730,-0.272000,3.113000,-0.028000,0.000000,3
3.094930,1.458000,-68.786003,-23.868999,123.980003,11.034000,34.240002,148.774994,0.000000,0.000000,0.000000,0.000000,0.000000,0.000000,0.000000,264.000000,-1245.000000,189.000000,-1417.000000,205.000000,-71.000000,-32.000000,22.000000,22.000000,22.000000,22.000000,22.000000,22.000000,22.000000,34.000000,34.000000,35.000000,36.000000,36.000000,36.000000,37.000000,1,1,1,1,1,1,1,0,0,0,0,0,0,0,75,5400.235840,967,0,1,0.429022,-0.082029,-0.272000,3.113000,-0.028000,0.000000,3
3.104886,1.266000,-68.922997,-23.650000,124.277000,11.145000,34.131001,148.850006,0.000000,0.000000,0.000000,0.000000,0.000000,0.000000,0.000000,264.000000,-1245.000000,189.000000,-1417.000000,205.000000,-71.000000,-32.000000,22.000000,22.000000,22.000000,22.000000,22.000000,22.000000,22.000000,34.000000,34.000000,35.000000,36.000000,36.000000,36.000000,37.000000,1,1,1,1,1,1,1,0,0,0,0,0,0,0,75,5400.235840,967,0,1,0.428254,-0.080935,-0.272000,3.113000,-0.028000,0.000000,3
3.114967,0.711000,-69.238998,-22.976000,124.987000,11.488000,33.882000,149.112000,0.000000,0.000000,0.000000,0.000000,0.000000,0.000000,0.000000,264.000000,-1245.000000,189.000000,-1417.000000,205.000000,-71.000000,-32.000000,22.000000,22.000000,22.000000,22.000000,22.000000,22.000000,22.000000,34.000000,34.000000,35.000000,36.000000,36.000000,36.000000,37.000000,1,1,1,1,1,1,1,0,0,0,0,0,0,0,75,5400.235840,967,0,1,0.426581,-0.077793,-0.272000,3.113000,-0.028000,0.000000,3
3.125013,0.338000,-69.397003,-22.493999,125.362000,11.731000,33.762001,149.317993,0.000000,0.000000,0.000000,0.000000,0.000000,0.000000,0.000000,264.000000,-1245.000000,189.000000,-1417.000000,205.000000,-71.000000,-32.000000,22.000000,22.000000,22.000000,22.000000,22.000000,22.000000,22.000000,34.000000,34.000000,35.000000,36.000000,36.000000,36.000000,37.000000,1,1,1,1,1,1,1,0,0,0,0,0,0,0,75,5400.235840,967,0,1,0.425828,-0.075698,-0.272000,3.113000,-0.028000,0.000000,3
3.135120,0.108000,-69.475998,-22.184999,125.558998,11.887000,33.703999,149.455994,0.000000,0.000000,0.000000,0.000000,0.000000,0.000000,0.000000,264.000000,-1245.000000,189.000000,-1417.000000,205.000000,-71.000000,-32.000000,22.000000,22.000000,22.000000,22.000000,22.000000,22.000000,22.000000,34.000000,34.000000,35.000000,36.000000,36.000000,36.000000,37.000000,1,1,1,1,1,1,1,0,0,0,0,0,0,0,75,5400.235840,968,0,1,0.425491,-0.074405,-0.272000,3.113000,-0.028000,0.000000,3
3.145097,-0.285000,-69.581001,-21.643999,125.835999,12.159000,33.631001,149.707001,0.000000,0.000000,0.000000,0.000000,0.000000,0.000000,0.000000,264.000000,-1245.000000,189.000000,-1417.000000,205.000000,-71.000000,-32.000000,22.000000,22.000000,22.000000,22.000000,22.000000,22.000000,22.000000,34.000000,34.000000,35.000000,36.000000,36.000000,36.000000,37.000000,1,1,1,1,1,1,1,0,0,0,0,0,0,0,75,5400.232910,967,0,1,0.425122,-0.072209,-0.271999,3.113000,-0.029000,0.000000,3
3.154970,-0.686000,-69.652000,-21.075001,126.046997,12.446000,33.589001,149.981995,0.000000,0.000000,0.000000,0.000000,0.000000,0.000000,0.000000,264.000000,-1245.000000,189.000000,-1417.000000,205.000000,-71.000000,-32.000000,22.000000,22.000000,22.000000,22.000000,22.000000,22.000000,22.000000,34.000000,34.000000,35.000000,36.000000,36.000000,36.000000,37.000000,1,1,1,1,1,1,1,0,0,0,0,0,0,0,75,5400.235840,968,0,1,0.424999,-0.069986,-0.272000,3.113000,-0.028000,0.000000,3
3.165058,-1.090000,-69.685997,-20.486000,126.188004,12.741000,33.578999,150.274994,0.000000,0.000000,0.000000,0.000000,0.000000,0.000000,0.000000,264.000000,-1245.000000,189.000000,-1417.000000,205.000000,-71.000000,-32.000000,22.000000,22.000000,22.000000,22.000000,22.000000,22.000000,22.000000,34.000000,34.000000,35.000000,36.000000,36.000000,36.000000,37.000000,1,1,1,1,1,1,1,0,0,0,0,0,0,0,75,5400.235840,968,0,1,0.425125,-0.067763,-0.272000,3.113000,-0.029000,0.000000,3
3.175029,-1.491000,-69.684998,-19.886999,126.258003,13.041000,33.601002,150.584000,0.000000,0.000000,0.000000,0.000000,0.000000,0.000000,0.000000,264.000000,-1245.000000,189.000000,-1417.000000,205.000000,-71.000000,-32.000000,22.000000,22.000000,22.000000,22.000000,22.000000,22.000000,22.000000,34.000000,34.000000,35.000000,36.000000,36.000000,36.000000,37.000000,1,1,1,1,1,1,1,0,0,0,0,0,0,0,75,5400.235840,968,0,1,0.425497,-0.065567,-0.272000,3.113000,-0.029000,0.000000,3
3.184956,-1.887000,-69.647003,-19.285999,126.253998,13.342000,33.653999,150.903000,0.000000,0.000000,0.000000,0.000000,0.000000,0.000000,0.000000,264.000000,-1245.000000,189.000000,-1417.000000,205.000000,-71.000000,-32.000000,22.000000,22.000000,22.000000,22.000000,22.000000,22.000000,22.000000,34.000000,34.000000,35.000000,36.000000,36.000000,36.000000,37.000000,1,1,1,1,1,1,1,0,0,0,0,0,0,0,75,5400.235840,967,0,1,0.426110,-0.063427,-0.272000,3.113000,-0.029000,0.000000,3
3.194991,-2.345000,-69.554001,-18.577000,126.153999,13.696000,33.758999,151.291000,0.000000,0.000000,0.000000,0.000000,0.000000,0.000000,0.000000,264.000000,-1245.000000,189.000000,-1417.000000,205.000000,-71.000000,-32.000000,22.000000,22.000000,22.000000,22.000000,22.000000,22.000000,22.000000,34.000000,34.000000,35.000000,36.000000,36.000000,36.000000,37.000000,1,1,1,1,1,1,1,0,0,0,0,0,0,0,75,5400.235840,968,0,1,0.427155,-0.060968,-0.271999,3.113000,-0.029000,0.000000,3
3.205025,-2.710000,-69.436996,-18.006001,125.990997,13.980000,33.877998,151.613998,0.000000,0.000000,0.000000,0.000000,0.000000,0.000000,0.000000,264.000000,-1245.000000,189.000000,-1417.000000,205.000000,-71.000000,-32.000000,22.000000,22.000000,22.000000,22.000000,22.000000,22.000000,22.000000,34.000000,34.000000,35.000000,36.000000,36.000000,36.000000,37.000000,1,1,1,1,1,1,1,0,0,0,0,0,0,0,75,5400.234863,967,0,1,0.428269,-0.059041,-0.272000,3.113000,-0.028000,0.000000,3
3.215011,-3.053000,-69.286003,-17.462000,125.760002,14.250000,34.023998,151.931000,0.000000,0.000000,0.000000,0.000000,0.000000,0.000000,0.000000,264.000000,-1245.000000,189.000000,-1417.000000,205.000000,-71.000000,-32.000000,22.000000,22.000000,22.000000,22.000000,22.000000,22.000000,22.000000,34.000000,34.000000,35.000000,36.000000,36.000000,36.000000,37.000000,1,1,1,1,1,1,1,0,0,0,0,0,0,0,75,5400.235840,968,0,1,0.429591,-0.057249,-0.272000,3.113000,-0.028000,0.000000,3
3.225128,-3.372000,-69.102997,-16.955000,125.463997,14.502000,34.195999,152.237000,0.000000,0.000000,0.000000,0.000000,0.000000,0.000000,0.000000,264.000000,-1245.000000,189.000000,-1417.000000,205.000000,-71.000000,-32.000000,22.000000,22.000000,22.000000,22.000000,22.000000,22.000000,22.000000,34.000000,34.000000,35.000000,36.000000,36.000000,36.000000,37.000000,1,1,1,1,1,1,1,0,0,0,0,0,0,0,75,5400.235840,967,0,1,0.431104,-0.055615,-0.272000,3.113000,-0.028000,0.000000,3
3.235083,-3.662000,-68.888000,-16.490000,125.106003,14.733000,34.390999,152.526993,0.000000,0.000000,0.000000,0.000000,0.000000,0.000000,0.000000,264.000000,-1245.000000,189.000000,-1417.000000,205.000000,-71.000000,-32.000000,22.000000,22.000000,22.000000,22.000000,22.000000,22.000000,22.000000,34.000000,34.000000,35.000000,36.000000,36.000000,36.000000,37.000000,1,1,1,1,1,1,1,0,0,0,0,0,0,0,75,5400.234863,968,0,1,0.432789,-0.054160,-0.272000,3.112000,-0.029000,0.000000,3
3.245070,-3.967000,-68.592003,-15.998000,124.603996,14.978000,34.651001,152.848999,0.000000,0.000000,0.000000,0.000000,0.000000,0.000000,0.000000,264.000000,-1245.000000,189.000000,-1417.000000,205.000000,-71.000000,-32.000000,22.000000,22.000000,22.000000,22.000000,22.000000,22.000000,22.000000,34.000000,34.000000,35.000000,36.000000,36.000000,36.000000,37.000000,1,1,1,1,1,1,1,0,0,0,0,0,0,0,75,5400.235840,964,0,1,0.435008,-0.052674,-0.272000,3.113000,-0.028000,0.000000,3
3.254936,-4.178000,-68.324997,-15.657000,124.143997,15.149000,34.880001,153.084000,0.000000,0.000000,0.000000,0.000000,0.000000,0.000000,0.000000,264.000000,-1245.000000,189.000000,-1417.000000,205.000000,-71.000000,-32.000000,22.000000,22.000000,22.000000,22.000000,22.000000,22.000000,22.000000,34.000000,34.000000,35.000000,36.000000,36.000000,36.000000,37.000000,1,1,1,1,1,1,1,0,0,0,0,0,0,0,75,5400.234863,968,0,1,0.436942,-0.051694,-0.272000,3.113000,-0.028000,0.000000,3
3.264934,-4.338000,-68.065002,-15.398000,123.694000,15.282000,35.098999,153.272995,0.000000,0.000000,0.000000,0.000000,0.000000,0.000000,0.000000,264.000000,-1245.000000,189.000000,-1417.000000,205.000000,-71.000000,-32.000000,22.000000,22.000000,22.000000,22.000000,22.000000,22.000000,22.000000,34.000000,34.000000,35.000000,36.000000,36.000000,36.000000,37.000000,1,1,1,1,1,1,1,0,0,0,0,0,0,0,75,5400.234863,968,0,1,0.438770,-0.050994,-0.272000,3.113000,-0.028000,0.000000,3
3.274947,-4.411000,-67.919998,-15.279000,123.442001,15.345000,35.219002,153.363007,0.000000,0.000000,0.000000,0.000000,0.000000,0.000000,0.000000,264.000000,-1245.000000,189.000000,-1417.000000,205.000000,-71.000000,-32.000000,22.000000,22.000000,22.000000,22.000000,22.000000,22.000000,22.000000,34.000000,34.000000,35.000000,36.000000,36.000000,36.000000,37.000000,1,1,1,1,1,1,1,0,0,0,0,0,0,0,75,5400.235840,967,0,1,0.439775,-0.050694,-0.272000,3.113000,-0.028000,0.000000,3
3.284995,-4.506000,-67.691002,-15.126000,123.044998,15.431000,35.407001,153.485992,0.000000,0.000000,0.000000,0.000000,0.000000,0.000000,0.000000,264.000000,-1245.000000,189.000000,-1417.000000,205.000000,-71.000000,-32.000000,22.000000,22.000000,22.000000,22.000000,22.000000,22.000000,22.000000,34.000000,34.000000,35.000000,36.000000,36.000000,36.000000,37.000000,1,1,1,1,1,1,1,0,0,0,0,0,0,0,75,5400.234863,968,0,1,0.441324,-0.050340,-0.272000,3.113000,-0.028000,0.000000,3
3.294958,-4.575000,-67.461998,-15.014000,122.647003,15.498000,35.591000,153.585999,0.000000,0.000000,0.000000,0.000000,0.000000,0.000000,0.000000,264.000000,-1245.000000,189.000000,-1417.000000,205.000000,-71.000000,-32.000000,22.000000,22.000000,22.000000,22.000000,22.000000,22.000000,22.000000,34.000000,34.000000,35.000000,36.000000,36.000000,36.000000,37.000000,1,1,1,1,1,1,1,0,0,0,0,0,0,0,75,5400.235840,967,0,1,0.442847,-0.050130,-0.272000,3.113000,-0.029000,0.000000,0
3.304984,-4.634000,-67.180000,-14.915000,122.155998,15.562000,35.816002,153.686996,0.000000,0.000000,0.000000,0.000000,0.000000,0.000000,0.000000,264.000000,-1245.000000,189.000000,-1417.000000,205.000000,-71.000000,-32.000000,22.000000,22.000000,22.000000,22.000000,22.000000,22.000000,22.000000,34.000000,34.000000,35.000000,36.000000,36.000000,36.000000,37.000000,1,1,1,1,1,1,1,0,0,0,0,0,0,0,75,5400.234863,967,0,1,0.444691,-0.050017,-0.272000,3.113000,-0.028000,0.000000,0
3.315000,-4.670000,-66.943001,-14.853000,121.741997,15.607000,36.005001,153.761002,0.000000,0.000000,0.000000,0.000000,0.000000,0.000000,0.000000,264.000000,-1245.000000,189.000000,-1417.000000,205.000000,-71.000000,-32.000000,22.000000,22.000000,22.000000,22.000000,22.000000,22.000000,22.000000,34.000000,34.000000,35.000000,36.000000,36.000000,36.000000,37.000000,1,1,1,1,1,1,1,0,0,0,0,0,0,0,75,5400.235840,968,0,1,0.446230,-0.049994,-0.272000,3.113000,-0.029000,0.000000,0
3.325129,-4.702000,-66.704002,-14.799000,121.323997,15.647000,36.194000,153.832001,0.000000,0.000000,0.000000,0.000000,0.000000,0.000000,0.000000,264.000000,-1245.000000,189.000000,-1417.000000,205.000000,-71.000000,-32.000000,22.000000,22.000000,22.000000,22.000000,22.000000,22.000000,22.000000,34.000000,34.000000,35.000000,36.000000,36.000000,36.000000,37.000000,1,1,1,1,1,1,1,0,0,0,0,0,0,0,75,5400.235840,968,0,1,0.447769,-0.049998,-0.272000,3.113000,-0.029000,0.000000,0
3.334981,-4.734000,-66.466003,-14.745000,120.906998,15.687000,36.383999,153.903000,0.000000,0.000000,0.000000,0.000000,0.000000,0.000000,0.000000,264.000000,-1245.000000,189.000000,-1417.000000,205.000000,-71.000000,-32.000000,22.000000,22.000000,22.000000,22.000000,22.000000,22.000000,22.000000,34.000000,34.000000,35.000000,36.000000,36.000000,36.000000,37.000000,1,1,1,1,1,1,1,0,0,0,0,0,0,0,75,5400.234863,968,0,1,0.449306,-0.049999,-0.272000,3.112000,-0.029000,0.000000,1
3.344923,-4.772000,-66.181000,-14.680000,120.405998,15.735000,36.611000,153.990005,0.000000,0.000000,0.000000,0.000000,0.000000,0.000000,0.000000,264.000000,-1245.000000,189.000000,-1417.000000,205.000000,-71.000000,-32.000000,22.000000,22.000000,22.000000,22.000000,22.000000,22.000000,22.000000,34.000000,34.000000,35.000000,36.000000,36.000000,36.000000,37.000000,1,1,1,1,1,1,1,0,0,0,0,0,0,0,75,5400.234863,968,0,1,0.451166,-0.049999,-0.272000,3.112000,-0.029000,0.000000,1
3.354991,-4.805000,-65.943001,-14.626000,119.985001,15.776000,36.796001,154.063004,0.000000,0.000000,0.000000,0.000000,0.000000,0.000000,0.000000,264.000000,-1245.000000,189.000000,-1417.000000,205.000000,-71.000000,-32.000000,22.000000,22.000000,22.000000,22.000000,22.000000,22.000000,22.000000,34.000000,34.000000,35.000000,36.000000,36.000000,36.000000,37.000000,1,1,1,1,1,1,1,0,0,0,0,0,0,0,75,5400.235840,967,0,1,0.452758,-0.050000,-0.272000,3.112000,-0.029000,0.000000,1
3.365109,-4.825000,-65.799004,-14.592000,119.730003,15.801000,36.903999,154.108002,0.000000,0.000000,0.000000,0.000000,0.000000,0.000000,0.000000,264.000000,-1245.000000,189.000000,-1417.000000,205.000000,-71.000000,-32.000000,22.000000,22.000000,22.000000,22.000000,22.000000,22.000000,22.000000,34.000000,34.000000,35.000000,36.000000,36.000000,36.000000,37.000000,1,1,1,1,1,1,1,0,0,0,0,0,0,0,75,5400.235840,967,0,1,0.453741,-0.050000,-0.272000,3.112000,-0.029000,0.000000,1
3.374986,-4.859000,-65.559998,-14.533000,119.303001,15.846000,37.077999,154.184998,0.000000,0.000000,0.000000,0.000000,0.000000,0.000000,0.000000,264.000000,-1245.000000,189.000000,-1417.000000,205.000000,-71.000000,-32.000000,22.000000,22.000000,22.000000,22.000000,22.000000,22.000000,22.000000,34.000000,34.000000,35.000000,36.000000,36.000000,36.000000,37.000000,1,1,1,1,1,1,1,0,0,0,0,0,0,0,75,5400.235840,968,0,1,0.455442,-0.049999,-0.272000,3.112000,-0.029000,0.000000,1
3.384998,-4.894000,-65.319000,-14.471000,118.871002,15.893000,37.242001,154.264999,0.000000,0.000000,0.000000,0.000000,0.000000,0.000000,0.000000,264.000000,-1245.000000,189.000000,-1417.000000,205.000000,-71.000000,-32.000000,22.000000,22.000000,22.000000,22.000000,22.000000,22.000000,22.000000,34.000000,34.000000,35.000000,36.000000,36.000000,36.000000,37.000000,1,1,1,1,1,1,1,0,0,0,0,0,0,0,75,5400.235840,968,0,1,0.457239,-0.049999,-0.272000,3.112000,-0.030000,0.000000,1
3.395086,-4.939000,-65.027000,-14.390000,118.344002,15.956000,37.422001,154.365997,0.000000,0.000000,0.000000,0.000000,0.000000,0.000000,0.000000,264.000000,-1245.000000,189.000000,-1417.000000,205.000000,-71.000000,-32.000000,22.000000,22.000000,22.000000,22.000000,22.000000,22.000000,22.000000,34.000000,34.000000,35.000000,36.000000,36.000000,36.000000,37.000000,1,1,1,1,1,1,1,0,0,0,0,0,0,0,75,5400.235840,968,0,1,0.459549,-0.050000,-0.272000,3.112000,-0.031000,0.000000,1
3.404992,-4.979000,-64.781998,-14.316000,117.897003,16.014000,37.556000,154.455002,0.000000,0.000000,0.000000,0.000000,0.000000,0.000000,0.000000,264.000000,-1245.000000,189.000000,-1417.000000,205.000000,-71.000000,-32.000000,22.000000,22.000000,22.000000,22.000000,22.000000,22.000000,22.000000,34.000000,34.000000,35.000000,36.000000,36.000000,36.000000,37.000000,1,1,1,1,1,1,1,0,0,0,0,0,0,0,75,5400.235840,967,0,1,0.461626,-0.049999,-0.271999,3.112000,-0.032000,0.000000,1
3.415047,-5.021000,-64.535004,-14.236000,117.443001,16.079000,37.671001,154.548004,0.000000,0.000000,0.000000,0.000000,0.000000,0.000000,0.000000,264.000000,-1245.000000,189.000000,-1417.000000,205.000000,-71.000000,-32.000000,22.000000,22.000000,22.000000,22.000000,22.000000,22.000000,22.000000,34.000000,34.000000,35.000000,36.000000,36.000000,36.000000,37.000000,1,1,1,1,1,1,1,0,0,0,0,0,0,0,75,5400.235840,968,0,1,0.463861,-0.050000,-0.271999,3.111000,-0.034000,0.000000,1
3.425055,-5.075000,-64.234001,-14.130000,116.887001,16.164000,37.784000,154.666000,0.000000,0.000000,0.000000,0.000000,0.000000,0.000000,0.000000,264.000000,-1245.000000,189.000000,-1417.000000,205.000000,-71.000000,-32.000000,22.000000,22.000000,22.000000,22.000000,22.000000,22.000000,22.000000,34.000000,34.000000,35.000000,36.000000,36.000000,36.000000,37.000000,1,1,1,1,1,1,1,0,0,0,0,0,0,0,75,5400.235840,968,0,1,0.466775,-0.049999,-0.272000,3.111000,-0.037000,0.000000,1
3.435030,-5.124000,-63.979000,-14.033000,116.413002,16.243999,37.854000,154.770996,0.000000,0.000000,0.000000,0.000000,0.000000,0.000000,0.000000,264.000000,-1245.000000,189.000000,-1417.000000,205.000000,-71.000000,-32.000000,22.000000,22.000000,22.000000,22.000000,22.000000,22.000000,22.000000,34.000000,34.000000,35.000000,36.000000,36.000000,36.000000,37.000000,1,1,1,1,1,1,1,0,0,0,0,0,0,0,75,5400.237793,966,0,1,0.469416,-0.049999,-0.272000,3.110000,-0.039000,0.000000,1
3.445072,-5.144000,-63.875999,-13.992000,116.221001,16.278000,37.875000,154.813995,0.000000,0.000000,0.000000,0.000000,0.000000,0.000000,0.000000,264.000000,-1245.000000,189.000000,-1417.000000,205.000000,-71.000000,-32.000000,22.000000,22.000000,22.000000,22.000000,22.000000,22.000000,22.000000,34.000000,34.000000,35.000000,36.000000,36.000000,36.000000,37.000000,1,1,1,1,1,1,1,0,0,0,0,0,0,0,75,5400.235840,967,0,1,0.470531,-0.050000,-0.272000,3.110000,-0.041000,0.000000,1
3.455058,-5.210000,-63.562000,-13.860000,115.634003,16.386999,37.915001,154.951004,0.000000,0.000000,0.000000,0.000000,0.000000,0.000000,0.000000,264.000000,-1245.000000,189.000000,-1417.000000,205.000000,-71.000000,-32.000000,22.000000,22.000000,22.000000,22.000000,22.000000,22.000000,22.000000,34.000000,34.000000,35.000000,36.000000,36.000000,36.000000,37.000000,1,1,1,1,1,1,1,0,0,0,0,0,0,0,75,5400.234863,968,0,1,0.474084,-0.050000,-0.271999,3.109000,-0.045000,0.000000,1
3.465011,-5.268000,-63.294998,-13.739000,115.133003,16.488001,37.917000,155.070999,0.000000,0.000000,0.000000,0.000000,0.000000,0.000000,0.000000,264.000000,-1245.000000,189.000000,-1417.000000,205.000000,-71.000000,-32.000000,22.000000,22.000000,22.000000,22.000000,22.000000,22.000000,22.000000,34.000000,34.000000,35.000000,36.000000,36.000000,36.000000,37.000000,1,1,1,1,1,1,1,0,0,0,0,0,0,0,75,5400.235840,968,0,1,0.477297,-0.050000,-0.272000,3.109000,-0.049000,-0.001000,1
3.475055,-5.331000,-63.021999,-13.609000,114.620003,16.598000,37.889999,155.197998,0.000000,0.000000,0.000000,0.000000,0.000000,0.000000,0.000000,264.000000,-1245.000000,189.000000,-1417.000000,205.000000,-71.000000,-32.000000,22.000000,22.000000,22.000000,22.000000,22.000000,22.000000,22.000000,34.000000,34.000000,35.000000,36.000000,36.000000,36.000000,37.000000,1,1,1,1,1,1,1,0,0,0,0,0,0,0,75,5400.235840,967,0,1,0.480751,-0.049999,-0.272000,3.108000,-0.054000,-0.001000,1
3.485017,-5.399000,-62.742001,-13.469000,114.096001,16.716000,37.833000,155.332001,0.000000,0.000000,0.000000,0.000000,0.000000,0.000000,0.000000,264.000000,-1245.000000,189.000000,-1417.000000,205.000000,-71.000000,-32.000000,22.000000,22.000000,22.000000,22.000000,22.000000,22.000000,22.000000,34.000000,34.000000,35.000000,36.000000,36.000000,36.000000,37.000000,1,1,1,1,1,1,1,0,0,0,0,0,0,0,75,5400.234863,968,0,1,0.484455,-0.050000,-0.272000,3.107000,-0.059000,-0.001000,1
3.495136,-5.486000,-62.396000,-13.287000,113.450996,16.871000,37.720001,155.501999,0.000000,0.000000,0.000000,0.000000,0.000000,0.000000,0.000000,264.000000,-1245.000000,189.000000,-1417.000000,205.000000,-71.000000,-32.000000,22.000000,22.000000,22.000000,22.000000,22.000000,22.000000,22.000000,34.000000,34.000000,35.000000,36.000000,36.000000,36.000000,37.000000,1,1,1,1,1,1,1,0,0,0,0,0,0,0,75,5400.234863,968,0,1,0.489241,-0.050000,-0.272000,3.105000,-0.066000,-0.002000,1
3.505009,-5.565000,-62.098999,-13.124000,112.900002,17.010000,37.589001,155.651001,0.000000,0.000000,0.000000,0.000000,0.000000,0.000000,0.000000,264.000000,-1245.000000,189.000000,-1417.000000,205.000000,-71.000000,-32.000000,22.000000,22.000000,22.000000,22.000000,22.000000,22.000000,22.000000,34.000000,34.000000,35.000000,36.000000,36.000000,36.000000,37.000000,1,1,1,1,1,1,1,0,0,0,0,0,0,0,75,5400.235840,968,0,1,0.493520,-0.050000,-0.272000,3.104000,-0.073000,-0.002000,1
3.515022,-5.648000,-61.791000,-12.950000,112.335999,17.158001,37.421001,155.807007,0.000000,0.000000,0.000000,0.000000,0.000000,0.000000,0.000000,264.000000,-1245.000000,189.000000,-1417.000000,205.000000,-71.000000,-32.000000,22.000000,22.000000,22.000000,22.000000,22.000000,22.000000,22.000000,34.000000,34.000000,35.000000,36.000000,36.000000,36.000000,37.000000,1,1,1,1,1,1,1,0,0,0,0,0,0,0,75,5400.235840,968,0,1,0.498068,-0.049999,-0.272000,3.103000,-0.080000,-0.002000,1
3.525046,-5.738000,-61.473000,-12.766000,111.760002,17.315001,37.216999,155.970001,0.000000,0.000000,0.000000,0.000000,0.000000,0.000000,0.000000,264.000000,-1245.000000,189.000000,-1417.000000,205.000000,-71.000000,-32.000000,22.000000,22.000000,22.000000,22.000000,22.000000,22.000000,22.000000,34.000000,34.000000,35.000000,36.000000,36.000000,36.000000,37.000000,1,1,1,1,1,1,1,0,0,0,0,0,0,0,75,5400.235840,968,0,1,0.502886,-0.050000,-0.272000,3.101000,-0.088000,-0.003000,1
3.534991,-5.852000,-61.076000,-12.530000,111.052002,17.516001,36.919998,156.173996,0.000000,0.000000,0.000000,0.000000,0.000000,0.000000,0.000000,264.000000,-1245.000000,189.000000,-1417.000000,205.000000,-71.000000,-32.000000,22.000000,22.000000,22.000000,22.000000,22.000000,22.000000,22.000000,34.000000,34.000000,35.000000,36.000000,36.000000,36.000000,37.000000,1,1,1,1,1,1,1,0,0,0,0,0,0,0,75,5400.235840,967,0,1,0.509026,-0.050000,-0.271999,3.099000,-0.098000,-0.003000,1
3.544985,-5.892000,-60.938999,-12.448000,110.811996,17.584999,36.808998,156.244003,0.000000,0.000000,0.000000,0.000000,0.000000,0.000000,0.000000,264.000000,-1245.000000,189.000000,-1417.000000,205.000000,-71.000000,-32.000000,22.000000,22.000000,22.000000,22.000000,22.000000,22.000000,22.000000,34.000000,34.000000,35.000000,36.000000,36.000000,36.000000,37.000000,1,1,1,1,1,1,1,0,0,0,0,0,0,0,75,5400.234863,967,0,1,0.511158,-0.050000,-0.271999,3.098000,-0.102000,-0.004000,1
3.555082,-6.063000,-60.369999,-12.103000,109.831001,17.877001,36.299999,156.533997,0.000000,0.000000,0.000000,0.000000,0.000000,0.000000,0.000000,264.000000,-1245.000000,189.000000,-1417.000000,205.000000,-71.000000,-32.000000,22.000000,22.000000,22.000000,22.000000,22.000000,22.000000,22.000000,34.000000,34.000000,35.000000,36.000000,36.000000,36.000000,37.000000,1,1,1,1,1,1,1,0,0,0,0,0,0,0,75,5400.234863,967,0,1,0.520113,-0.050000,-0.271999,3.095000,-0.118000,-0.004000,1
3.565050,-6.130000,-60.146999,-11.967000,109.454002,17.992001,36.083000,156.647003,0.000000,0.000000,0.000000,0.000000,0.000000,0.000000,0.000000,264.000000,-1245.000000,189.000000,-1417.000000,205.000000,-71.000000,-32.000000,22.000000,22.000000,22.000000,22.000000,22.000000,22.000000,22.000000,34.000000,34.000000,35.000000,36.000000,36.000000,36.000000,37.000000,1,1,1,1,1,1,1,0,0,0,0,0,0,0,75,5400.235840,967,0,1,0.523644,-0.050000,-0.272000,3.094000,-0.124000,-0.005000,1
3.575040,-6.249000,-59.762001,-11.732000,108.817001,18.188999,35.688000,156.839996,0.000000,0.000000,0.000000,0.000000,0.000000,0.000000,0.000000,264.000000,-1245.000000,189.000000,-1417.000000,205.000000,-71.000000,-32.000000,22.000000,22.000000,22.000000,22.000000,22.000000,22.000000,22.000000,34.000000,34.000000,35.000000,36.000000,36.000000,36.000000,37.000000,1,1,1,1,1,1,1,0,0,0,0,0,0,0,75,5400.237793,968,0,1,0.529731,-0.049999,-0.272000,3.092000,-0.135000,-0.005000,1
3.585009,-6.374000,-59.360001,-11.487000,108.167000,18.393000,35.252998,157.037994,0.000000,0.000000,0.000000,0.000000,0.000000,0.000000,0.000000,264.000000,-1245.000000,189.000000,-1417.000000,205.000000,-71.000000,-32.000000,22.000000,22.000000,22.000000,22.000000,22.000000,22.000000,22.000000,34.000000,34.000000,35.000000,36.000000,36.000000,36.000000,37.000000,1,1,1,1,1,1,1,0,0,0,0,0,0,0,75,5400.235840,968,0,1,0.536065,-0.049999,-0.272000,3.090000,-0.147000,-0.006000,1
3.595112,-6.532000,-58.854000,-11.180000,107.370003,18.646999,34.678001,157.281998,0.000000,0.000000,0.000000,0.000000,0.000000,0.000000,0.000000,264.000000,-1245.000000,189.000000,-1417.000000,205.000000,-71.000000,-32.000000,22.000000,22.000000,22.000000,22.000000,22.000000,22.000000,22.000000,34.000000,34.000000,35.000000,36.000000,36.000000,36.000000,37.000000,1,1,1,1,1,1,1,0,0,0,0,0,0,0,75,5400.234863,967,0,1,0.543978,-0.050000,-0.271999,3.087000,-0.162000,-0.006000,1
3.605034,-6.672000,-58.411999,-10.914000,106.692001,18.864000,34.155998,157.492004,0.000000,0.000000,0.000000,0.000000,0.000000,0.000000,0.000000,264.000000,-1245.000000,189.000000,-1417.000000,205.000000,-71.000000,-32.000000,22.000000,22.000000,22.000000,22.000000,22.000000,22.000000,22.000000,34.000000,34.000000,35.000000,36.000000,36.000000,36.000000,37.000000,1,1,1,1,1,1,1,0,0,0,0,0,0,0,75,5400.235840,967,0,1,0.550818,-0.050000,-0.271999,3.085000,-0.175000,-0.007000,1
3.615065,-6.819000,-57.949001,-10.639000,106.000999,19.086000,33.596001,157.705002,0.000000,0.000000,0.000000,0.000000,0.000000,0.000000,0.000000,264.000000,-1245.000000,189.000000,-1417.000000,205.000000,-71.000000,-32.000000,22.000000,22.000000,22.000000,22.000000,22.000000,22.000000,22.000000,34.000000,34.000000,35.000000,36.000000,36.000000,36.000000,37.000000,1,1,1,1,1,1,1,0,0,0,0,0,0,0,75,5400.235840,967,0,1,0.557867,-0.050000,-0.272000,3.082000,-0.188000,-0.007000,1
3.625173,-6.974000,-57.466000,-10.357000,105.296997,19.312000,33.000000,157.923004,0.000000,0.000000,0.000000,0.000000,0.000000,0.000000,0.000000,264.000000,-1245.000000,189.000000,-1417.000000,205.000000,-71.000000,-32.000000,22.000000,22.000000,22.000000,22.000000,22.000000,22.000000,22.000000,34.000000,34.000000,35.000000,36.000000,36.000000,36.000000,37.000000,1,1,1,1,1,1,1,0,0,0,0,0,0,0,75,5400.235840,968,0,1,0.565110,-0.049999,-0.271999,3.080000,-0.202000,-0.007000,1
3.635142,-7.136000,-56.960999,-10.066000,104.580002,19.541000,32.369999,158.143997,0.000000,0.000000,0.000000,0.000000,0.000000,0.000000,0.000000,264.000000,-1245.000000,189.000000,-1417.000000,205.000000,-71.000000,-32.000000,22.000000,22.000000,22.000000,22.000000,22.000000,22.000000,22.000000,34.000000,34.000000,35.000000,36.000000,36.000000,36.000000,37.000000,1,1,1,1,1,1,1,0,0,0,0,0,0,0,75,5400.235840,968,0,1,0.572533,-0.050000,-0.271999,3.077000,-0.216000,-0.008000,1
3.645048,-7.341000,-56.327000,-9.708000,103.700996,19.819000,31.572001,158.414993,0.000000,0.000000,0.000000,0.000000,0.000000,0.000000,0.000000,264.000000,-1245.000000,189.000000,-1417.000000,205.000000,-71.000000,-32.000000,22.000000,22.000000,22.000000,22.000000,22.000000,22.000000,22.000000,34.000000,34.000000,35.000000,36.000000,36.000000,36.000000,37.000000,1,1,1,1,1,1,1,0,0,0,0,0,0,0,75,5400.235840,967,0,1,0.581651,-0.050000,-0.272000,3.074000,-0.234000,-0.008000,1
3.654924,-7.412000,-56.109001,-9.586000,103.403999,19.912001,31.296000,158.505997,0.000000,0.000000,0.000000,0.000000,0.000000,0.000000,0.000000,264.000000,-1245.000000,189.000000,-1417.000000,205.000000,-71.000000,-32.000000,22.000000,22.000000,22.000000,22.000000,22.000000,22.000000,22.000000,34.000000,34.000000,35.000000,36.000000,36.000000,36.000000,37.000000,1,1,1,1,1,1,1,0,0,0,0,0,0,0,75,5400.235840,968,0,1,0.584736,-0.050000,-0.271999,3.072000,-0.240000,-0.008000,1
3.664945,-7.709000,-55.201000,-9.090000,102.192001,20.285999,30.153000,158.875000,0.000000,0.000000,0.000000,0.000000,0.000000,0.000000,0.000000,264.000000,-1245.000000,189.000000,-1417.000000,205.000000,-71.000000,-32.000000,22.000000,22.000000,22.000000,22.000000,22.000000,22.000000,22.000000,34.000000,34.000000,35.000000,36.000000,36.000000,36.000000,37.000000,1,1,1,1,1,1,1,0,0,0,0,0,0,0,75,5400.235840,967,0,1,0.597277,-0.049999,-0.272000,3.068000,-0.264000,-0.009000,1
3.675099,-7.787000,-54.966000,-8.964000,101.883003,20.379000,29.858000,158.968002,0.000000,0.000000,0.000000,0.000000,0.000000,0.000000,0.000000,264.000000,-1245.000000,189.000000,-1417.000000,205.000000,-71.000000,-32.000000,22.000000,22.000000,22.000000,22.000000,22.000000,22.000000,22.000000,34.000000,34.000000,35.000000,36.000000,36.000000,36.000000,37.000000,1,1,1,1,1,1,1,0,0,0,0,0,0,0,75,5400.235840,967,0,1,0.600455,-0.050000,-0.271999,3.067000,-0.270000,-0.009000,1
3.684980,-8.030000,-54.237999,-8.582000,100.942001,20.657000,28.954000,159.251007,0.000000,0.000000,0.000000,0.000000,0.000000,0.000000,0.000000,264.000000,-1245.000000,189.000000,-1417.000000,205.000000,-71.000000,-32.000000,22.000000,22.000000,22.000000,22.000000,22.000000,22.000000,22.000000,34.000000,34.000000,35.000000,36.000000,36.000000,36.000000,37.000000,1,1,1,1,1,1,1,0,0,0,0,0,0,0,75,5400.234863,967,0,1,0.610071,-0.050000,-0.272000,3.063000,-0.289000,-0.009000,1
3.694991,-8.242000,-53.609001,-8.259000,100.141998,20.886999,28.183001,159.488998,0.000000,0.000000,0.000000,0.000000,0.000000,0.000000,0.000000,264.000000,-1245.000000,189.000000,-1417.000000,205.000000,-71.000000,-32.000000,22.000000,22.000000,22.000000,22.000000,22.000000,22.000000,22.000000,34.000000,34.000000,35.000000,36.000000,36.000000,36.000000,37.000000,1,1,1,1,1,1,1,0,0,0,0,0,0,0,75,5400.234863,969,0,1,0.618159,-0.050000,-0.272000,3.060000,-0.305000,-0.010000,1
3.705026,-8.464000,-52.959999,-7.933000,99.324997,21.115000,27.402000,159.729004,0.000000,0.000000,0.000000,0.000000,0.000000,0.000000,0.000000,264.000000,-1245.000000,189.000000,-1417.000000,205.000000,-71.000000,-32.000000,22.000000,22.000000,22.000000,22.000000,22.000000,22.000000,22.000000,34.000000,34.000000,35.000000,36.000000,36.000000,36.000000,37.000000,1,1,1,1,1,1,1,0,0,0,0,0,0,0,75,5400.235840,967,0,1,0.626290,-0.049998,-0.271999,3.057000,-0.321000,-0.010000,1
3.714971,-8.697000,-52.292000,-7.605000,98.492996,21.341999,26.615000,159.968994,0.000000,0.000000,0.000000,0.000000,0.000000,0.000000,0.000000,264.000000,-1245.000000,189.000000,-1417.000000,205.000000,-71.000000,-32.000000,22.000000,22.000000,22.000000,22.000000,22.000000,22.000000,22.000000,34.000000,34.000000,35.000000,36.000000,36.000000,36.000000,37.000000,1,1,1,1,1,1,1,0,0,0,0,0,0,0,75,5400.234863,968,0,1,0.634444,-0.049998,-0.272000,3.054000,-0.337000,-0.010000,1
3.725102,-8.991000,-51.466000,-7.210000,97.473999,21.608000,25.667999,160.259995,0.000000,0.000000,0.000000,0.000000,0.000000,0.000000,0.000000,264.000000,-1245.000000,189.000000,-1417.000000,205.000000,-71.000000,-32.000000,22.000000,22.000000,22.000000,22.000000,22.000000,22.000000,22.000000,34.000000,34.000000,35.000000,36.000000,36.000000,36.000000,37.000000,1,1,1,1,1,1,1,0,0,0,0,0,0,0,75,5400.234863,967,0,1,0.644227,-0.049998,-0.272000,3.050000,-0.356000,-0.010000,1
3.734963,-9.248000,-50.761002,-6.880000,96.607002,21.823999,24.881001,160.503006,0.000000,0.000000,0.000000,0.000000,0.000000,0.000000,0.000000,264.000000,-1245.000000,189.000000,-1417.000000,205.000000,-71.000000,-32.000000,22.000000,22.000000,22.000000,22.000000,22.000000,22.000000,22.000000,34.000000,34.000000,35.000000,36.000000,36.000000,36.000000,37.000000,1,1,1,1,1,1,1,0,0,0,0,0,0,0,75,5400.235840,968,0,1,0.652352,-0.049998,-0.272000,3.047000,-0.372000,-0.010000,1
3.745029,-9.517000,-50.042999,-6.551000,95.725998,22.035999,24.103001,160.748993,0.000000,0.000000,0.000000,0.000000,0.000000,0.000000,0.000000,264.000000,-1245.000000,189.000000,-1417.000000,205.000000,-71.000000,-32.000000,22.000000,22.000000,22.000000,22.000000,22.000000,22.000000,22.000000,34.000000,34.000000,35.000000,36.000000,36.000000,36.000000,37.000000,1,1,1,1,1,1,1,0,0,0,0,0,0,0,75,5400.234863,967,0,1,0.660430,-0.049998,-0.272000,3.044000,-0.388000,-0.010000,1
3.754999,-9.854000,-49.164001,-6.157000,94.650002,22.281000,23.184999,161.044998,0.000000,0.000000,0.000000,0.000000,0.000000,0.000000,0.000000,264.000000,-1245.000000,189.000000,-1417.000000,205.000000,-71.000000,-32.000000,22.000000,22.000000,22.000000,22.000000,22.000000,22.000000,22.000000,34.000000,34.000000,35.000000,36.000000,36.000000,36.000000,37.000000,1,1,1,1,1,1,1,0,0,0,0,0,0,0,75,5400.234863,967,0,1,0.670029,-0.049998,-0.272000,3.040000,-0.407000,-0.009000,1
3.765156,-9.970000,-48.868000,-6.026000,94.286003,22.361000,22.885000,161.145004,0.000000,0.000000,0.000000,0.000000,0.000000,0.000000,0.000000,264.000000,-1245.000000,189.000000,-1417.000000,205.000000,-71.000000,-32.000000,22.000000,22.000000,22.000000,22.000000,22.000000,22.000000,22.000000,34.000000,34.000000,35.000000,36.000000,36.000000,36.000000,37.000000,1,1,1,1,1,1,1,0,0,0,0,0,0,0,75,5400.235840,967,0,1,0.673201,-0.049998,-0.272000,3.039000,-0.413000,-0.009000,1
3.775029,-10.330000,-47.972000,-5.637000,93.181999,22.593000,22.004999,161.444000,0.000000,0.000000,0.000000,0.000000,0.000000,0.000000,0.000000,264.000000,-1245.000000,189.000000,-1417.000000,205.000000,-71.000000,-32.000000,22.000000,22.000000,22.000000,22.000000,22.000000,22.000000,22.000000,34.000000,34.000000,35.000000,36.000000,36.000000,36.000000,37.000000,1,1,1,1,1,1,1,0,0,0,0,0,0,0,75,5400.235840,967,0,1,0.682611,-0.049998,-0.272000,3.035000,-0.431000,-0.009000,1
3.785078,-10.642000,-47.219002,-5.317000,92.248001,22.778999,21.299999,161.695007,0.000000,0.000000,0.000000,0.000000,0.000000,0.000000,0.000000,264.000000,-1245.000000,189.000000,-1417.000000,205.000000,-71.000000,-32.000000,22.000000,22.000000,22.000000,22.000000,22.000000,22.000000,22.000000,34.000000,34.000000,35.000000,36.000000,36.000000,36.000000,37.000000,1,1,1,1,1,1,1,0,0,0,0,0,0,0,75,5400.235840,967,0,1,0.690316,-0.049999,-0.272000,3.032000,-0.446000,-0.009000,1
3.795042,-10.966000,-46.462002,-5.000000,91.302002,22.958000,20.624001,161.947006,0.000000,0.000000,0.000000,0.000000,0.000000,0.000000,0.000000,264.000000,-1245.000000,189.000000,-1417.000000,205.000000,-71.000000,-32.000000,22.000000,22.000000,22.000000,22.000000,22.000000,22.000000,22.000000,34.000000,34.000000,35.000000,36.000000,36.000000,36.000000,37.000000,1,1,1,1,1,1,1,0,0,0,0,0,0,0,75,5400.235840,968,0,1,0.697875,-0.049999,-0.272000,3.029000,-0.461000,-0.009000,1
3.805036,-11.302000,-45.703999,-4.689000,90.345001,23.129999,19.982000,162.201004,0.000000,0.000000,0.000000,0.000000,0.000000,0.000000,0.000000,264.000000,-1245.000000,189.000000,-1417.000000,205.000000,-71.000000,-32.000000,22.000000,22.000000,22.000000,22.000000,22.000000,22.000000,22.000000,34.000000,34.000000,35.000000,36.000000,36.000000,36.000000,37.000000,1,1,1,1,1,1,1,0,0,0,0,0,0,0,75,5400.237793,967,0,1,0.705272,-0.049999,-0.272000,3.026000,-0.475000,-0.008000,1
3.815080,-11.649000,-44.946999,-4.384000,89.378998,23.292999,19.378000,162.455002,0.000000,0.000000,0.000000,0.000000,0.000000,0.000000,0.000000,264.000000,-1245.000000,189.000000,-1417.000000,205.000000,-71.000000,-32.000000,22.000000,22.000000,22.000000,22.000000,22.000000,22.000000,22.000000,34.000000,34.000000,35.000000,36.000000,36.000000,36.000000,37.000000,1,1,1,1,1,1,1,0,0,0,0,0,0,0,75,5400.234863,968,0,1,0.712488,-0.049999,-0.272000,3.024000,-0.488000,-0.008000,1
3.825162,-12.079000,-44.044998,-4.026000,88.209999,23.480000,18.707001,162.761993,0.000000,0.000000,0.000000,0.000000,0.000000,0.000000,0.000000,264.000000,-1245.000000,189.000000,-1417.000000,205.000000,-71.000000,-32.000000,22.000000,22.000000,22.000000,22.000000,22.000000,22.000000,22.000000,34.000000,34.000000,35.000000,36.000000,36.000000,36.000000,37.000000,1,1,1,1,1,1,1,0,0,0,0,0,0,0,75,5400.235840,967,0,1,0.720888,-0.049999,-0.272000,3.020000,-0.504000,-0.007000,1
3.835064,-12.447000,-43.299999,-3.737000,87.228996,23.625999,18.197001,163.018005,0.000000,0.000000,0.000000,0.000000,0.000000,0.000000,0.000000,264.000000,-1245.000000,189.000000,-1417.000000,205.000000,-71.000000,-32.000000,22.000000,22.000000,22.000000,22.000000,22.000000,22.000000,22.000000,34.000000,34.000000,35.000000,36.000000,36.000000,36.000000,37.000000,1,1,1,1,1,1,1,0,0,0,0,0,0,0,75,5400.234863,968,0,1,0.727654,-0.049999,-0.272000,3.018000,-0.517000,-0.007000,1
3.845041,-12.672000,-42.858002,-3.567000,86.639000,23.711000,17.912001,163.171997,0.000000,0.000000,0.000000,0.000000,0.000000,0.000000,0.000000,264.000000,-1245.000000,189.000000,-1417.000000,205.000000,-71.000000,-32.000000,22.000000,22.000000,22.000000,22.000000,22.000000,22.000000,22.000000,34.000000,34.000000,35.000000,36.000000,36.000000,36.000000,37.000000,1,1,1,1,1,1,1,0,0,0,0,0,0,0,75,5400.234863,967,0,1,0.731607,-0.049999,-0.272000,3.016000,-0.524000,-0.007000,1
3.855012,-13.209000,-41.842999,-3.183000,85.261002,23.896999,17.316000,163.531998,0.000000,0.000000,0.000000,0.000000,0.000000,0.000000,0.000000,264.000000,-1245.000000,189.000000,-1417.000000,205.000000,-71.000000,-32.000000,22.000000,22.000000,22.000000,22.000000,22.000000,22.000000,22.000000,34.000000,34.000000,35.000000,36.000000,36.000000,36.000000,37.000000,1,1,1,1,1,1,1,0,0,0,0,0,0,0,75,5400.235840,968,0,1,0.740500,-0.049999,-0.272000,3.013000,-0.540000,-0.006000,1
3.865089,-13.677000,-40.993999,-2.870000,84.082001,24.044001,16.882000,163.839996,0.000000,0.000000,0.000000,0.000000,0.000000,0.000000,0.000000,264.000000,-1245.000000,189.000000,-1417.000000,205.000000,-71.000000,-32.000000,22.000000,22.000000,22.000000,22.000000,22.000000,22.000000,22.000000,34.000000,34.000000,35.000000,36.000000,36.000000,36.000000,37.000000,1,1,1,1,1,1,1,0,0,0,0,0,0,0,75,5400.235840,968,0,1,0.747740,-0.049999,-0.272000,3.010000,-0.553000,-0.005000,1
3.875063,-14.072000,-40.304001,-2.620000,83.102997,24.158001,16.576000,164.095001,0.000000,0.000000,0.000000,0.000000,0.000000,0.000000,0.000000,264.000000,-1245.000000,189.000000,-1417.000000,205.000000,-71.000000,-32.000000,22.000000,22.000000,22.000000,22.000000,22.000000,22.000000,22.000000,34.000000,34.000000,35.000000,36.000000,36.000000,36.000000,37.000000,1,1,1,1,1,1,1,0,0,0,0,0,0,0,75,5400.234863,967,0,1,0.753493,-0.049999,-0.272000,3.007000,-0.564000,-0.005000,1
3.885025,-14.311000,-39.900002,-2.476000,82.517998,24.223000,16.416000,164.248001,0.000000,0.000000,0.000000,0.000000,0.000000,0.000000,0.000000,264.000000,-1245.000000,189.000000,-1417.000000,205.000000,-71.000000,-32.000000,22.000000,22.000000,22.000000,22.000000,22.000000,22.000000,22.000000,34.000000,34.000000,35.000000,36.000000,36.000000,36.000000,37.000000,1,1,1,1,1,1,1,0,0,0,0,0,0,0,75,5400.237793,968,0,1,0.756819,-0.049999,-0.272000,3.006000,-0.569000,-0.004000,1
3.895085,-14.708000,-39.241001,-2.245000,81.551003,24.325001,16.191000,164.501999,0.000000,0.000000,0.000000,0.000000,0.000000,0.000000,0.000000,264.000000,-1245.000000,189.000000,-1417.000000,205.000000,-71.000000,-32.000000,22.000000,22.000000,22.000000,22.000000,22.000000,22.000000,22.000000,34.000000,34.000000,35.000000,36.000000,36.000000,36.000000,37.000000,1,1,1,1,1,1,1,0,0,0,0,0,0,0,75,5400.235840,967,0,1,0.762150,-0.049999,-0.272000,3.004000,-0.579000,-0.004000,1
3.904985,-15.105000,-38.602001,-2.026000,80.593002,24.420000,16.017000,164.753998,0.000000,0.000000,0.000000,0.000000,0.000000,0.000000,0.000000,264.000000,-1245.000000,189.000000,-1417.000000,205.000000,-71.000000,-32.000000,22.000000,22.000000,22.000000,22.000000,22.000000,22.000000,22.000000,34.000000,34.000000,35.000000,36.000000,36.000000,36.000000,37.000000,1,1,1,1,1,1,1,0,0,0,0,0,0,0,75,5400.235840,968,0,1,0.767214,-0.049999,-0.272000,3.002000,-0.587000,-0.003000,1
3.914946,-15.577000,-37.866001,-1.781000,79.459000,24.523001,15.873000,165.052002,0.000000,0.000000,0.000000,0.000000,0.000000,0.000000,0.000000,264.000000,-1245.000000,189.000000,-1417.000000,205.000000,-71.000000,-32.000000,22.000000,22.000000,22.000000,22.000000,22.000000,22.000000,22.000000,34.000000,34.000000,35.000000,36.000000,36.000000,36.000000,37.000000,1,1,1,1,1,1,1,0,0,0,0,0,0,0,75,5400.235840,968,0,1,0.772936,-0.049999,-0.272000,3.000000,-0.596000,-0.003000,1
3.925148,-15.965000,-37.278000,-1.592000,78.529999,24.601000,15.806000,165.298004,0.000000,0.000000,0.000000,0.000000,0.000000,0.000000,0.000000,264.000000,-1245.000000,189.000000,-1417.000000,205.000000,-71.000000,-32.000000,22.000000,22.000000,22.000000,22.000000,22.000000,22.000000,22.000000,34.000000,34.000000,35.000000,36.000000,36.000000,36.000000,37.000000,1,1,1,1,1,1,1,0,0,0,0,0,0,0,75,5400.235840,967,0,1,0.777408,-0.049999,-0.272000,2.998000,-0.604000,-0.002000,1
3.934985,-16.344999,-36.713001,-1.418000,77.616997,24.671000,15.787000,165.539993,0.000000,0.000000,0.000000,0.000000,0.000000,0.000000,0.000000,264.000000,-1245.000000,189.000000,-1417.000000,205.000000,-71.000000,-32.000000,22.000000,22.000000,22.000000,22.000000,22.000000,22.000000,22.000000,34.000000,34.000000,35.000000,36.000000,36.000000,36.000000,37.000000,1,1,1,1,1,1,1,0,0,0,0,0,0,0,75,5400.235840,968,0,1,0.781614,-0.049999,-0.272000,2.997000,-0.610000,-0.002000,1
3.945025,-16.716000,-36.173000,-1.258000,76.720001,24.733999,15.813000,165.778000,0.000000,0.000000,0.000000,0.000000,0.000000,0.000000,0.000000,264.000000,-1245.000000,189.000000,-1417.000000,205.000000,-71.000000,-32.000000,22.000000,22.000000,22.000000,22.000000,22.000000,22.000000,22.000000,34.000000,34.000000,35.000000,36.000000,36.000000,36.000000,37.000000,1,1,1,1,1,1,1,0,0,0,0,0,0,0,75,5400.237793,967,0,1,0.785559,-0.049999,-0.272000,2.996000,-0.616000,-0.002000,1
3.954996,-16.933001,-35.860001,-1.169000,76.191002,24.768000,15.849000,165.919006,0.000000,0.000000,0.000000,0.000000,0.000000,0.000000,0.000000,264.000000,-1245.000000,189.000000,-1417.000000,205.000000,-71.000000,-32.000000,22.000000,22.000000,22.000000,22.000000,22.000000,22.000000,22.000000,34.000000,34.000000,35.000000,36.000000,36.000000,36.000000,37.000000,1,1,1,1,1,1,1,0,0,0,0,0,0,0,75,5400.235840,968,0,1,0.787803,-0.049999,-0.272000,2.995000,-0.619000,-0.001000,1
3.965047,-17.285999,-35.359001,-1.034000,75.323997,24.820000,15.944000,166.149994,0.000000,0.000000,0.000000,0.000000,0.000000,0.000000,0.000000,264.000000,-1245.000000,189.000000,-1417.000000,205.000000,-71.000000,-32.000000,22.000000,22.000000,22.000000,22.000000,22.000000,22.000000,22.000000,34.000000,34.000000,35.000000,36.000000,36.000000,36.000000,37.000000,1,1,1,1,1,1,1,0,0,0,0,0,0,0,75,5400.232910,968,0,1,0.791342,-0.049999,-0.272000,2.994000,-0.624000,-0.001000,1
3.974994,-17.691000,-34.787998,-0.891000,74.307999,24.872999,16.108999,166.419998,0.000000,0.000000,0.000000,0.000000,0.000000,0.000000,0.000000,264.000000,-1245.000000,189.000000,-1417.000000,205.000000,-71.000000,-32.000000,22.000000,22.000000,22.000000,22.000000,22.000000,22.000000,22.000000,34.000000,34.000000,35.000000,36.000000,36.000000,36.000000,37.000000,1,1,1,1,1,1,1,0,0,0,0,0,0,0,75,5400.234863,967,0,1,0.795269,-0.050000,-0.272000,2.993000,-0.629000,-0.001000,1
3.985021,-18.013000,-34.338001,-0.789000,73.483002,24.909000,16.288000,166.639999,0.000000,0.000000,0.000000,0.000000,0.000000,0.000000,0.000000,264.000000,-1245.000000,189.000000,-1417.000000,205.000000,-71.000000,-32.000000,22.000000,22.000000,22.000000,22.000000,22.000000,22.000000,22.000000,34.000000,34.000000,35.000000,36.000000,36.000000,36.000000,37.000000,1,1,1,1,1,1,1,0,0,0,0,0,0,0,75,5400.234863,967,0,1,0.798288,-0.049999,-0.272000,2.992000,-0.632000,0.000000,1
3.995117,-18.319000,-33.909000,-0.702000,72.676003,24.938999,16.500999,166.854004,0.000000,0.000000,0.000000,0.000000,0.000000,0.000000,0.000000,264.000000,-1245.000000,189.000000,-1417.000000,205.000000,-71.000000,-32.000000,22.000000,22.000000,22.000000,22.000000,22.000000,22.000000,22.000000,34.000000,34.000000,35.000000,36.000000,36.000000,36.000000,37.000000,1,1,1,1,1,1,1,0,0,0,0,0,0,0,75,5400.234863,967,0,1,0.801089,-0.050000,-0.272000,2.991000,-0.635000,0.000000,1
4.005029,-18.610001,-33.500999,-0.630000,71.887001,24.962999,16.746000,167.061996,0.000000,0.000000,0.000000,0.000000,0.000000,0.000000,0.000000,264.000000,-1245.000000,189.000000,-1417.000000,205.000000,-71.000000,-32.000000,22.000000,22.000000,22.000000,22.000000,22.000000,22.000000,22.000000,34.000000,34.000000,35.000000,36.000000,36.000000,36.000000,37.000000,1,1,1,1,1,1,1,0,0,0,0,0,0,0,75,5400.232910,968,0,1,0.803686,-0.050000,-0.272000,2.990000,-0.638000,0.000000,1
4.014986,-18.938000,-33.036999,-0.561000,70.963997,24.985001,17.079000,167.304993,0.000000,0.000000,0.000000,0.000000,0.000000,0.000000,0.000000,264.000000,-1245.000000,189.000000,-1417.000000,205.000000,-71.000000,-32.000000,22.000000,22.000000,22.000000,22.000000,22.000000,22.000000,22.000000,34.000000,34.000000,35.000000,36.000000,36.000000,36.000000,37.000000,1,1,1,1,1,1,1,0,0,0,0,0,0,0,75,5400.235840,967,0,1,0.806552,-0.050000,-0.272000,2.990000,-0.640000,0.000000,1
4.025056,-19.195000,-32.668999,-0.518000,70.210999,24.997000,17.384001,167.503006,0.000000,0.000000,0.000000,0.000000,0.000000,0.000000,0.000000,264.000000,-1245.000000,189.000000,-1417.000000,205.000000,-71.000000,-32.000000,22.000000,22.000000,22.000000,22.000000,22.000000,22.000000,22.000000,34.000000,34.000000,35.000000,36.000000,36.000000,36.000000,37.000000,1,1,1,1,1,1,1,0,0,0,0,0,0,0,75,5400.235840,968,0,1,0.808753,-0.050000,-0.272000,2.989000,-0.642000,0.000000,1
4.035031,-19.437000,-32.314999,-0.487000,69.472000,25.004000,17.712999,167.695999,0.000000,0.000000,0.000000,0.000000,0.000000,0.000000,0.000000,264.000000,-1245.000000,189.000000,-1417.000000,205.000000,-71.000000,-32.000000,22.000000,22.000000,22.000000,22.000000,22.000000,22.000000,22.000000,34.000000,34.000000,35.000000,36.000000,36.000000,36.000000,37.000000,1,1,1,1,1,1,1,0,0,0,0,0,0,0,75,5400.237793,968,0,1,0.810802,-0.050000,-0.272000,2.989000,-0.643000,0.000000,1
4.045010,-19.665001,-31.975000,-0.467000,68.744003,25.007000,18.062000,167.884003,0.000000,0.000000,0.000000,0.000000,0.000000,0.000000,0.000000,264.000000,-1245.000000,189.000000,-1417.000000,205.000000,-71.000000,-32.000000,22.000000,22.000000,22.000000,22.000000,22.000000,22.000000,22.000000,34.000000,34.000000,35.000000,36.000000,36.000000,36.000000,37.000000,1,1,1,1,1,1,1,0,0,0,0,0,0,0,75,5400.235840,968,0,1,0.812716,-0.050000,-0.272000,2.989000,-0.644000,0.000000,1
4.054937,-19.882000,-31.646000,-0.456000,68.026001,25.006001,18.427999,168.070007,0.000000,0.000000,0.000000,0.000000,0.000000,0.000000,0.000000,264.000000,-1245.000000,189.000000,-1417.000000,205.000000,-71.000000,-32.000000,22.000000,22.000000,22.000000,22.000000,22.000000,22.000000,22.000000,34.000000,34.000000,35.000000,36.000000,36.000000,36.000000,37.000000,1,1,1,1,1,1,1,0,0,0,0,0,0,0,75,5400.234863,968,0,1,0.814516,-0.050000,-0.271999,2.989000,-0.645000,0.000000,1
4.065029,-20.006001,-31.452000,-0.454000,67.598999,25.004000,18.655001,168.181000,0.000000,0.000000,0.000000,0.000000,0.000000,0.000000,0.000000,264.000000,-1245.000000,189.000000,-1417.000000,205.000000,-71.000000,-32.000000,22.000000,22.000000,22.000000,22.000000,22.000000,22.000000,22.000000,34.000000,34.000000,35.000000,36.000000,36.000000,36.000000,37.000000,1,1,1,1,1,1,1,0,0,0,0,0,0,0,75,5400.237793,968,0,1,0.815549,-0.050000,-0.272000,2.989000,-0.645000,0.000000,1
4.075013,-20.207001,-31.134001,-0.455000,66.889999,24.997999,19.042999,168.363007,0.000000,0.000000,0.000000,0.000000,0.000000,0.000000,0.000000,264.000000,-1245.000000,189.000000,-1417.000000,205.000000,-71.000000,-32.000000,22.000000,22.000000,22.000000,22.000000,22.000000,22.000000,22.000000,34.000000,34.000000,35.000000,36.000000,36.000000,36.000000,37.000000,1,1,1,1,1,1,1,0,0,0,0,0,0,0,75,5400.234863,968,0,1,0.817208,-0.050000,-0.271999,2.989000,-0.645000,0.000000,1
4.085083,-20.400000,-30.820999,-0.462000,66.183998,24.989000,19.441000,168.546005,0.000000,0.000000,0.000000,0.000000,0.000000,0.000000,0.000000,264.000000,-1245.000000,189.000000,-1417.000000,205.000000,-71.000000,-32.000000,22.000000,22.000000,22.000000,22.000000,22.000000,22.000000,22.000000,34.000000,34.000000,35.000000,36.000000,36.000000,36.000000,37.000000,1,1,1,1,1,1,1,0,0,0,0,0,0,0,75,5400.234863,968,0,1,0.818806,-0.050000,-0.272000,2.989000,-0.645000,0.000000,1
4.095187,-20.625999,-30.447001,-0.474000,65.334000,24.974001,19.929001,168.766006,0.000000,0.000000,0.000000,0.000000,0.000000,0.000000,0.000000,264.000000,-1245.000000,189.000000,-1417.000000,205.000000,-71.000000,-32.000000,22.000000,22.000000,22.000000,22.000000,22.000000,22.000000,22.000000,34.000000,34.000000,35.000000,36.000000,36.000000,36.000000,37.000000,1,1,1,1,1,1,1,0,0,0,0,0,0,0,75,5400.235840,967,0,1,0.820673,-0.050000,-0.271999,2.989000,-0.645000,0.000000,1
4.105990,-20.812000,-30.132000,-0.487000,64.619003,24.959999,20.341999,168.951996,0.000000,0.000000,0.000000,0.000000,0.000000,0.000000,0.000000,264.000000,-1245.000000,189.000000,-1417.000000,205.000000,-71.000000,-32.000000,22.000000,22.000000,22.000000,22.000000,22.000000,22.000000,22.000000,34.000000,34.000000,35.000000,36.000000,36.000000,36.000000,37.000000,1,1,1,1,1,1,1,0,0,0,0,0,0,0,75,5400.235840,968,0,1,0.822218,-0.050002,-0.272000,2.988000,-0.645000,0.000000,0
4.115981,-20.993999,-29.813000,-0.503000,63.896000,24.943001,20.757999,169.141006,0.000000,0.000000,0.000000,0.000000,0.000000,0.000000,0.000000,264.000000,-1245.000000,189.000000,-1417.000000,205.000000,-71.000000,-32.000000,22.000000,22.000000,22.000000,22.000000,22.000000,22.000000,22.000000,34.000000,34.000000,35.000000,36.000000,36.000000,36.000000,37.000000,1,1,1,1,1,1,1,0,0,0,0,0,0,0,75,5400.235840,968,0,1,0.823764,-0.050013,-0.272000,2.988000,-0.645000,0.000000,0
4.126097,-21.226000,-29.427999,-0.511000,63.019001,24.920000,21.261999,169.378998,0.000000,0.000000,0.000000,0.000000,0.000000,0.000000,0.000000,264.000000,-1245.000000,189.000000,-1417.000000,205.000000,-71.000000,-32.000000,22.000000,22.000000,22.000000,22.000000,22.000000,22.000000,22.000000,34.000000,34.000000,35.000000,36.000000,36.000000,36.000000,37.000000,1,1,1,1,1,1,1,0,0,0,0,0,0,0,75,5400.234863,968,0,1,0.825619,-0.049987,-0.272000,2.988000,-0.645000,0.000000,0
4.136083,-21.447001,-29.108000,-0.496000,62.280998,24.896999,21.687000,169.597000,0.000000,0.000000,0.000000,0.000000,0.000000,0.000000,0.000000,264.000000,-1245.000000,189.000000,-1417.000000,205.000000,-71.000000,-32.000000,22.000000,22.000000,22.000000,22.000000,22.000000,22.000000,22.000000,34.000000,34.000000,35.000000,36.000000,36.000000,36.000000,37.000000,1,1,1,1,1,1,1,0,0,0,0,0,0,0,75,5400.234863,968,0,1,0.827162,-0.049882,-0.271999,2.988000,-0.645000,0.000000,0
4.146019,-21.705999,-28.794001,-0.447000,61.541000,24.868000,22.114000,169.841003,0.000000,0.000000,0.000000,0.000000,0.000000,0.000000,0.000000,264.000000,-1245.000000,189.000000,-1417.000000,205.000000,-71.000000,-32.000000,22.000000,22.000000,22.000000,22.000000,22.000000,22.000000,22.000000,34.000000,34.000000,35.000000,36.000000,36.000000,36.000000,37.000000,1,1,1,1,1,1,1,0,0,0,0,0,0,0,75,5400.234863,967,0,1,0.828690,-0.049656,-0.272000,2.988000,-0.645000,0.000000,3
4.156051,-22.013000,-28.476000,-0.364000,60.779999,24.832001,22.556000,170.117004,0.000000,0.000000,0.000000,0.000000,0.000000,0.000000,0.000000,264.000000,-1245.000000,189.000000,-1417.000000,205.000000,-71.000000,-32.000000,22.000000,22.000000,22.000000,22.000000,22.000000,22.000000,22.000000,34.000000,34.000000,35.000000,36.000000,36.000000,36.000000,37.000000,1,1,1,1,1,1,1,0,0,0,0,0,0,0,75,5400.235840,968,0,1,0.830245,-0.049299,-0.271999,2.988000,-0.645000,0.000000,3
4.166004,-22.235001,-28.273001,-0.289000,60.283001,24.806000,22.846001,170.311996,0.000000,0.000000,0.000000,0.000000,0.000000,0.000000,0.000000,264.000000,-1245.000000,189.000000,-1417.000000,205.000000,-71.000000,-32.000000,22.000000,22.000000,22.000000,22.000000,22.000000,22.000000,22.000000,34.000000,34.000000,35.000000,36.000000,36.000000,36.000000,37.000000,1,1,1,1,1,1,1,0,0,0,0,0,0,0,75,5400.234863,967,0,1,0.831251,-0.048997,-0.272000,2.988000,-0.645000,0.000000,3
4.176043,-23.020000,-27.677000,0.032000,58.780998,24.709000,23.725000,170.968994,0.000000,0.000000,0.000000,0.000000,0.000000,0.000000,0.000000,264.000000,-1245.000000,189.000000,-1417.000000,205.000000,-71.000000,-32.000000,22.000000,22.000000,22.000000,22.000000,22.000000,22.000000,22.000000,34.000000,34.000000,35.000000,36.000000,36.000000,36.000000,37.000000,1,1,1,1,1,1,1,0,0,0,0,0,0,0,75,5400.237793,967,0,1,0.834239,-0.047737,-0.272000,2.988000,-0.645000,0.000000,3
4.185943,-23.632000,-27.306999,0.331000,57.799999,24.627001,24.304001,171.460999,0.000000,0.000000,0.000000,0.000000,0.000000,0.000000,0.000000,264.000000,-1245.000000,189.000000,-1417.000000,205.000000,-71.000000,-32.000000,22.000000,22.000000,22.000000,22.000000,22.000000,22.000000,22.000000,34.000000,34.000000,35.000000,36.000000,36.000000,36.000000,37.000000,1,1,1,1,1,1,1,0,0,0,0,0,0,0,75,5400.235840,968,0,1,0.836147,-0.046605,-0.272000,2.988000,-0.645000,0.000000,3
4.195982,-24.297001,-26.971001,0.692000,56.868999,24.530001,24.857000,171.983002,0.000000,0.000000,0.000000,0.000000,0.000000,0.000000,0.000000,264.000000,-1245.000000,189.000000,-1417.000000,205.000000,-71.000000,-32.000000,22.000000,22.000000,22.000000,22.000000,22.000000,22.000000,22.000000,34.000000,34.000000,35.000000,36.000000,36.000000,36.000000,37.000000,1,1,1,1,1,1,1,0,0,0,0,0,0,0,75,5400.235840,968,0,1,0.837924,-0.045263,-0.272000,2.988000,-0.645000,0.000000,3
4.206045,-24.718000,-26.790001,0.935000,56.341999,24.465000,25.172001,172.307007,0.000000,0.000000,0.000000,0.000000,0.000000,0.000000,0.000000,264.000000,-1245.000000,189.000000,-1417.000000,205.000000,-71.000000,-32.000000,22.000000,22.000000,22.000000,22.000000,22.000000,22.000000,22.000000,34.000000,34.000000,35.000000,36.000000,36.000000,36.000000,37.000000,1,1,1,1,1,1,1,0,0,0,0,0,0,0,75,5400.237793,967,0,1,0.838914,-0.044365,-0.272000,2.988000,-0.645000,0.000000,3
4.215981,-25.447001,-26.525999,1.384000,55.523998,24.347000,25.665001,172.858002,0.000000,0.000000,0.000000,0.000000,0.000000,0.000000,0.000000,264.000000,-1245.000000,189.000000,-1417.000000,205.000000,-71.000000,-32.000000,22.000000,22.000000,22.000000,22.000000,22.000000,22.000000,22.000000,34.000000,34.000000,35.000000,36.000000,36.000000,36.000000,37.000000,1,1,1,1,1,1,1,0,0,0,0,0,0,0,75,5400.235840,966,0,1,0.840425,-0.042730,-0.272000,2.988000,-0.645000,0.000000,3
4.226080,-26.202999,-26.312000,1.878000,54.792000,24.219000,26.113001,173.417999,0.000000,0.000000,0.000000,0.000000,0.000000,0.000000,0.000000,264.000000,-1245.000000,189.000000,-1417.000000,205.000000,-71.000000,-32.000000,22.000000,22.000000,22.000000,22.000000,22.000000,22.000000,22.000000,34.000000,34.000000,35.000000,36.000000,36.000000,36.000000,37.000000,1,1,1,1,1,1,1,0,0,0,0,0,0,0,75,5400.235840,967,0,1,0.841744,-0.040936,-0.272000,2.988000,-0.645000,0.000000,3
4.235999,-26.975000,-26.153000,2.411000,54.158001,24.083000,26.507999,173.977005,0.000000,0.000000,0.000000,0.000000,0.000000,0.000000,0.000000,264.000000,-1245.000000,189.000000,-1417.000000,205.000000,-71.000000,-32.000000,22.000000,22.000000,22.000000,22.000000,22.000000,22.000000,22.000000,34.000000,34.000000,35.000000,36.000000,36.000000,36.000000,37.000000,1,1,1,1,1,1,1,0,0,0,0,0,0,0,75,5400.235840,968,0,1,0.842856,-0.039007,-0.272000,2.988000,-0.645000,0.000000,3
4.246002,-27.908001,-26.040001,3.088000,53.541000,23.915001,26.906000,174.638000,0.000000,0.000000,0.000000,0.000000,0.000000,0.000000,0.000000,264.000000,-1245.000000,189.000000,-1417.000000,205.000000,-71.000000,-32.000000,22.000000,22.000000,22.000000,22.000000,22.000000,22.000000,22.000000,34.000000,34.000000,35.000000,36.000000,36.000000,36.000000,37.000000,1,1,1,1,1,1,1,0,0,0,0,0,0,0,75,5400.234863,967,0,1,0.843897,-0.036546,-0.272000,2.988000,-0.645000,0.000000,3
4.255964,-28.677000,-26.013000,3.674000,53.155998,23.773001,27.169001,175.169998,0.000000,0.000000,0.000000,0.000000,0.000000,0.000000,0.000000,264.000000,-1245.000000,189.000000,-1417.000000,205.000000,-71.000000,-32.000000,22.000000,22.000000,22.000000,22.000000,22.000000,22.000000,22.000000,34.000000,34.000000,35.000000,36.000000,36.000000,36.000000,37.000000,1,1,1,1,1,1,1,0,0,0,0,0,0,0,75,5400.235840,967,0,1,0.844508,-0.034405,-0.272000,2.988000,-0.645000,0.000000,3
4.265991,-29.427000,-26.049999,4.266000,52.896999,23.635000,27.365000,175.677994,0.000000,0.000000,0.000000,0.000000,0.000000,0.000000,0.000000,264.000000,-1245.000000,189.000000,-1417.000000,205.000000,-71.000000,-32.000000,22.000000,22.000000,22.000000,22.000000,22.000000,22.000000,22.000000,34.000000,34.000000,35.000000,36.000000,36.000000,36.000000,37.000000,1,1,1,1,1,1,1,0,0,0,0,0,0,0,75,5400.234863,967,0,1,0.844877,-0.032209,-0.272000,2.988000,-0.645000,0.000000,3
4.275986,-30.287001,-26.176001,4.973000,52.756001,23.478001,27.509001,176.246002,0.000000,0.000000,0.000000,0.000000,0.000000,0.000000,0.000000,264.000000,-1245.000000,189.000000,-1417.000000,205.000000,-71.000000,-32.000000,22.000000,22.000000,22.000000,22.000000,22.000000,22.000000,22.000000,34.000000,34.000000,35.000000,36.000000,36.000000,36.000000,37.000000,1,1,1,1,1,1,1,0,0,0,0,0,0,0,75,5400.235840,968,0,1,0.844994,-0.029540,-0.272001,2.988000,-0.645000,0.000000,3
4.286003,-30.957001,-26.350000,5.548000,52.784000,23.358999,27.549999,176.677994,0.000000,0.000000,0.000000,0.000000,0.000000,0.000000,0.000000,264.000000,-1245.000000,189.000000,-1417.000000,205.000000,-71.000000,-32.000000,22.000000,22.000000,22.000000,22.000000,22.000000,22.000000,22.000000,34.000000,34.000000,35.000000,36.000000,36.000000,36.000000,37.000000,1,1,1,1,1,1,1,0,0,0,0,0,0,0,75,5400.234863,967,0,1,0.844819,-0.027320,-0.272001,2.988000,-0.645000,0.000000,3
4.295996,-31.334000,-26.483000,5.881000,52.863998,23.292999,27.541000,176.917999,0.000000,0.000000,0.000000,0.000000,0.000000,0.000000,0.000000,264.000000,-1245.000000,189.000000,-1417.000000,205.000000,-71.000000,-32.000000,22.000000,22.000000,22.000000,22.000000,22.000000,22.000000,22.000000,34.000000,34.000000,35.000000,36.000000,36.000000,36.000000,37.000000,1,1,1,1,1,1,1,0,0,0,0,0,0,0,75,5400.237793,968,0,1,0.844596,-0.026003,-0.272001,2.988000,-0.645000,0.000000,3
4.306021,-31.917999,-26.749001,6.414000,53.101002,23.194000,27.469000,177.281006,0.000000,0.000000,0.000000,0.000000,0.000000,0.000000,0.000000,264.000000,-1245.000000,189.000000,-1417.000000,205.000000,-71.000000,-32.000000,22.000000,22.000000,22.000000,22.000000,22.000000,22.000000,22.000000,34.000000,34.000000,35.000000,36.000000,36.000000,36.000000,37.000000,1,1,1,1,1,1,1,0,0,0,0,0,0,0,75,5400.235840,967,0,1,0.844030,-0.023849,-0.272000,2.988000,-0.645000,0.000000,3
4.315977,-32.438000,-27.069000,6.912000,53.464001,23.110001,27.327000,177.597000,0.000000,0.000000,0.000000,0.000000,0.000000,0.000000,0.000000,264.000000,-1245.000000,189.000000,-1417.000000,205.000000,-71.000000,-32.000000,22.000000,22.000000,22.000000,22.000000,22.000000,22.000000,22.000000,34.000000,34.000000,35.000000,36.000000,36.000000,36.000000,37.000000,1,1,1,1,1,1,1,0,0,0,0,0,0,0,75,5400.235840,968,0,1,0.843228,-0.021772,-0.272000,2.988000,-0.645000,0.000000,3
4.325966,-32.967999,-27.514000,7.454000,54.056999,23.028999,27.070000,177.910004,0.000000,0.000000,0.000000,0.000000,0.000000,0.000000,0.000000,264.000000,-1245.000000,189.000000,-1417.000000,205.000000,-71.000000,-32.000000,22.000000,22.000000,22.000000,22.000000,22.000000,22.000000,22.000000,34.000000,34.000000,35.000000,36.000000,36.000000,36.000000,37.000000,1,1,1,1,1,1,1,0,0,0,0,0,0,0,75,5400.235840,968,0,1,0.841969,-0.019416,-0.272000,2.988000,-0.645000,0.000000,3
4.335977,-33.327999,-27.930000,7.855000,54.672001,22.979000,26.785999,178.115005,0.000000,0.000000,0.000000,0.000000,0.000000,0.000000,0.000000,264.000000,-1245.000000,189.000000,-1417.000000,205.000000,-71.000000,-32.000000,22.000000,22.000000,22.000000,22.000000,22.000000,22.000000,22.000000,34.000000,34.000000,35.000000,36.000000,36.000000,36.000000,37.000000,1,1,1,1,1,1,1,0,0,0,0,0,0,0,75,5400.235840,968,0,1,0.840688,-0.017595,-0.272000,2.988000,-0.645000,0.000000,3
4.346013,-33.609001,-28.379999,8.207000,55.387001,22.941999,26.443001,178.266998,0.000000,0.000000,0.000000,0.000000,0.000000,0.000000,0.000000,264.000000,-1245.000000,189.000000,-1417.000000,205.000000,-71.000000,-32.000000,22.000000,22.000000,22.000000,22.000000,22.000000,22.000000,22.000000,34.000000,34.000000,35.000000,36.000000,36.000000,36.000000,37.000000,1,1,1,1,1,1,1,0,0,0,0,0,0,0,75,5400.235840,966,0,1,0.839212,-0.015928,-0.272000,2.989000,-0.646000,0.000000,3
4.356021,-33.810001,-28.855000,8.508000,56.191002,22.919001,26.047001,178.367004,0.000000,0.000000,0.000000,0.000000,0.000000,0.000000,0.000000,264.000000,-1245.000000,189.000000,-1417.000000,205.000000,-71.000000,-32.000000,22.000000,22.000000,22.000000,22.000000,22.000000,22.000000,22.000000,34.000000,34.000000,35.000000,36.000000,36.000000,36.000000,37.000000,1,1,1,1,1,1,1,0,0,0,0,0,0,0,75,5400.235840,968,0,1,0.837560,-0.014436,-0.271999,2.989000,-0.646000,0.000000,3
4.366097,-33.945000,-29.448999,8.799000,57.255001,22.905001,25.509001,178.419006,0.000000,0.000000,0.000000,0.000000,0.000000,0.000000,0.000000,264.000000,-1245.000000,189.000000,-1417.000000,205.000000,-71.000000,-32.000000,22.000000,22.000000,22.000000,22.000000,22.000000,22.000000,22.000000,34.000000,34.000000,35.000000,36.000000,36.000000,36.000000,37.000000,1,1,1,1,1,1,1,0,0,0,0,0,0,0,75,5400.234863,967,0,1,0.835374,-0.012901,-0.272000,2.988000,-0.646000,0.000000,3
4.376053,-33.967999,-29.945999,8.982000,58.195000,22.903000,25.023001,178.408005,0.000000,0.000000,0.000000,0.000000,0.000000,0.000000,0.000000,264.000000,-1245.000000,189.000000,-1417.000000,205.000000,-71.000000,-32.000000,22.000000,22.000000,22.000000,22.000000,22.000000,22.000000,22.000000,34.000000,34.000000,35.000000,36.000000,36.000000,36.000000,37.000000,1,1,1,1,1,1,1,0,0,0,0,0,0,0,75,5400.235840,967,0,1,0.833441,-0.011868,-0.272000,2.989000,-0.646000,0.000000,3
4.386057,-33.919998,-30.403999,9.106000,59.097000,22.903999,24.547001,178.356995,0.000000,0.000000,0.000000,0.000000,0.000000,0.000000,0.000000,264.000000,-1245.000000,189.000000,-1417.000000,205.000000,-71.000000,-32.000000,22.000000,22.000000,22.000000,22.000000,22.000000,22.000000,22.000000,34.000000,34.000000,35.000000,36.000000,36.000000,36.000000,37.000000,1,1,1,1,1,1,1,0,0,0,0,0,0,0,75,5400.235840,968,0,1,0.831580,-0.011113,-0.271999,2.988000,-0.646000,0.000000,3
4.396158,-33.868000,-30.649000,9.155000,59.594002,22.905001,24.281000,178.315002,0.000000,0.000000,0.000000,0.000000,0.000000,0.000000,0.000000,264.000000,-1245.000000,189.000000,-1417.000000,205.000000,-71.000000,-32.000000,22.000000,22.000000,22.000000,22.000000,22.000000,22.000000,22.000000,34.000000,34.000000,35.000000,36.000000,36.000000,36.000000,37.000000,1,1,1,1,1,1,1,0,0,0,0,0,0,0,75,5400.234863,968,0,1,0.830551,-0.010785,-0.271999,2.989000,-0.646000,0.000000,3
4.406094,-33.754002,-31.011999,9.206000,60.354000,22.907000,23.871000,178.233002,0.000000,0.000000,0.000000,0.000000,0.000000,0.000000,0.000000,264.000000,-1245.000000,189.000000,-1417.000000,205.000000,-71.000000,-32.000000,22.000000,22.000000,22.000000,22.000000,22.000000,22.000000,22.000000,34.000000,34.000000,35.000000,36.000000,36.000000,36.000000,37.000000,1,1,1,1,1,1,1,0,0,0,0,0,0,0,75,5400.232910,967,0,1,0.828977,-0.010399,-0.271999,2.988000,-0.646000,0.000000,3
4.417089,-33.605999,-31.351000,9.227000,61.084999,22.909000,23.469999,178.130997,0.000000,0.000000,0.000000,0.000000,0.000000,0.000000,0.000000,264.000000,-1245.000000,189.000000,-1417.000000,205.000000,-71.000000,-32.000000,22.000000,22.000000,22.000000,22.000000,22.000000,22.000000,22.000000,34.000000,34.000000,35.000000,36.000000,36.000000,36.000000,37.000000,1,1,1,1,1,1,1,0,0,0,0,0,0,0,75,5400.234863,968,0,1,0.827458,-0.010162,-0.272000,2.989000,-0.646000,0.000000,0
4.427189,-33.424000,-31.681000,9.225000,61.821999,22.910999,23.061001,178.009003,0.000000,0.000000,0.000000,0.000000,0.000000,0.000000,0.000000,264.000000,-1245.000000,189.000000,-1417.000000,205.000000,-71.000000,-32.000000,22.000000,22.000000,22.000000,22.000000,22.000000,22.000000,22.000000,34.000000,34.000000,35.000000,36.000000,36.000000,36.000000,37.000000,1,1,1,1,1,1,1,0,0,0,0,0,0,0,75,5400.235840,967,0,1,0.825924,-0.010042,-0.271999,2.989000,-0.646000,0.000000,0
4.437051,-33.178001,-32.067001,9.203000,62.702999,22.913000,22.566999,177.848999,0.000000,0.000000,0.000000,0.000000,0.000000,0.000000,0.000000,264.000000,-1245.000000,189.000000,-1417.000000,205.000000,-71.000000,-32.000000,22.000000,22.000000,22.000000,22.000000,22.000000,22.000000,22.000000,34.000000,34.000000,35.000000,36.000000,36.000000,36.000000,37.000000,1,1,1,1,1,1,1,0,0,0,0,0,0,0,75,5400.235840,967,0,1,0.824077,-0.009995,-0.272000,2.989000,-0.646000,0.000000,0
4.447048,-32.964001,-32.382000,9.179000,63.431000,22.915001,22.156000,177.710007,0.000000,0.000000,0.000000,0.000000,0.000000,0.000000,0.000000,264.000000,-1245.000000,189.000000,-1417.000000,205.000000,-71.000000,-32.000000,22.000000,22.000000,22.000000,22.000000,22.000000,22.000000,22.000000,34.000000,34.000000,35.000000,36.000000,36.000000,36.000000,37.000000,1,1,1,1,1,1,1,0,0,0,0,0,0,0,75,5400.235840,967,0,1,0.822537,-0.009997,-0.272000,2.989000,-0.646000,0.000000,0
4.457078,-32.751999,-32.693001,9.156000,64.150002,22.916000,21.750000,177.574997,0.000000,0.000000,0.000000,0.000000,0.000000,0.000000,0.000000,264.000000,-1245.000000,189.000000,-1417.000000,205.000000,-71.000000,-32.000000,22.000000,22.000000,22.000000,22.000000,22.000000,22.000000,22.000000,34.000000,34.000000,35.000000,36.000000,36.000000,36.000000,37.000000,1,1,1,1,1,1,1,0,0,0,0,0,0,0,75,5400.235840,968,0,1,0.821001,-0.009999,-0.271999,2.989000,-0.645000,0.000000,1
4.467037,-32.542999,-33.000999,9.134000,64.862000,22.916000,21.349001,177.442001,0.000000,0.000000,0.000000,0.000000,0.000000,0.000000,0.000000,264.000000,-1245.000000,189.000000,-1417.000000,205.000000,-71.000000,-32.000000,22.000000,22.000000,22.000000,22.000000,22.000000,22.000000,22.000000,34.000000,34.000000,35.000000,36.000000,36.000000,36.000000,37.000000,1,1,1,1,1,1,1,0,0,0,0,0,0,0,75,5400.234863,968,0,1,0.819458,-0.010000,-0.271999,2.989000,-0.645000,0.000000,1
4.477046,-32.331001,-33.310001,9.111000,65.571999,22.915001,20.954000,177.309006,0.000000,0.000000,0.000000,0.000000,0.000000,0.000000,0.000000,264.000000,-1245.000000,189.000000,-1417.000000,205.000000,-71.000000,-32.000000,22.000000,22.000000,22.000000,22.000000,22.000000,22.000000,22.000000,34.000000,34.000000,35.000000,36.000000,36.000000,36.000000,37.000000,1,1,1,1,1,1,1,0,0,0,0,0,0,0,75,5400.235840,967,0,1,0.817884,-0.010000,-0.272000,2.989000,-0.645000,0.000000,1
4.487010,-32.112999,-33.619999,9.084000,66.282997,22.913000,20.569000,177.175003,0.000000,0.000000,0.000000,0.000000,0.000000,0.000000,0.000000,264.000000,-1245.000000,189.000000,-1417.000000,205.000000,-71.000000,-32.000000,22.000000,22.000000,22.000000,22.000000,22.000000,22.000000,22.000000,34.000000,34.000000,35.000000,36.000000,36.000000,36.000000,37.000000,1,1,1,1,1,1,1,0,0,0,0,0,0,0,75,5400.234863,967,0,1,0.816258,-0.009999,-0.271999,2.989000,-0.645000,0.000000,1
4.497096,-31.837000,-34.000000,9.044000,67.140999,22.909000,20.122000,177.009995,0.000000,0.000000,0.000000,0.000000,0.000000,0.000000,0.000000,264.000000,-1245.000000,189.000000,-1417.000000,205.000000,-71.000000,-32.000000,22.000000,22.000000,22.000000,22.000000,22.000000,22.000000,22.000000,34.000000,34.000000,35.000000,36.000000,36.000000,36.000000,37.000000,1,1,1,1,1,1,1,0,0,0,0,0,0,0,75,5400.234863,968,0,1,0.814206,-0.010000,-0.272000,2.989000,-0.645000,0.000000,1
4.507077,-31.593000,-34.325001,9.002000,67.864998,22.903000,19.764999,176.865997,0.000000,0.000000,0.000000,0.000000,0.000000,0.000000,0.000000,264.000000,-1245.000000,189.000000,-1417.000000,205.000000,-71.000000,-32.000000,22.000000,22.000000,22.000000,22.000000,22.000000,22.000000,22.000000,34.000000,34.000000,35.000000,36.000000,36.000000,36.000000,37.000000,1,1,1,1,1,1,1,0,0,0,0,0,0,0,75,5400.235840,967,0,1,0.812388,-0.010000,-0.272000,2.989000,-0.644000,0.000000,1
4.517096,-31.333000,-34.659000,8.950000,68.599998,22.895000,19.426001,176.716003,0.000000,0.000000,0.000000,0.000000,0.000000,0.000000,0.000000,264.000000,-1245.000000,189.000000,-1417.000000,205.000000,-71.000000,-32.000000,22.000000,22.000000,22.000000,22.000000,22.000000,22.000000,22.000000,34.000000,34.000000,35.000000,36.000000,36.000000,36.000000,37.000000,1,1,1,1,1,1,1,0,0,0,0,0,0,0,75,5400.235840,968,0,1,0.810450,-0.010000,-0.272000,2.989000,-0.643000,0.000000,1
4.527041,-30.995001,-35.077000,8.872000,69.498001,22.881001,19.045000,176.526993,0.000000,0.000000,0.000000,0.000000,0.000000,0.000000,0.000000,264.000000,-1245.000000,189.000000,-1417.000000,205.000000,-71.000000,-32.000000,22.000000,22.000000,22.000000,22.000000,22.000000,22.000000,22.000000,34.000000,34.000000,35.000000,36.000000,36.000000,36.000000,37.000000,1,1,1,1,1,1,1,0,0,0,0,0,0,0,75,5400.237793,967,0,1,0.807940,-0.010000,-0.271999,2.990000,-0.641000,0.000000,1
4.536962,-30.875999,-35.220001,8.842000,69.802002,22.875000,18.924999,176.460999,0.000000,0.000000,0.000000,0.000000,0.000000,0.000000,0.000000,264.000000,-1245.000000,189.000000,-1417.000000,205.000000,-71.000000,-32.000000,22.000000,22.000000,22.000000,22.000000,22.000000,22.000000,22.000000,34.000000,34.000000,35.000000,36.000000,36.000000,36.000000,37.000000,1,1,1,1,1,1,1,0,0,0,0,0,0,0,75,5400.235840,968,0,1,0.807053,-0.009999,-0.271999,2.990000,-0.641000,0.000000,1
4.547044,-30.497000,-35.665001,8.738000,70.731003,22.854000,18.589001,176.255997,0.000000,0.000000,0.000000,0.000000,0.000000,0.000000,0.000000,264.000000,-1245.000000,189.000000,-1417.000000,205.000000,-71.000000,-32.000000,22.000000,22.000000,22.000000,22.000000,22.000000,22.000000,22.000000,34.000000,34.000000,35.000000,36.000000,36.000000,36.000000,37.000000,1,1,1,1,1,1,1,0,0,0,0,0,0,0,75,5400.234863,967,0,1,0.804226,-0.010000,-0.271999,2.990000,-0.638000,0.000000,1
4.556997,-30.155001,-36.055000,8.636000,71.524002,22.830999,18.339001,176.074005,0.000000,0.000000,0.000000,0.000000,0.000000,0.000000,0.000000,264.000000,-1245.000000,189.000000,-1417.000000,205.000000,-71.000000,-32.000000,22.000000,22.000000,22.000000,22.000000,22.000000,22.000000,22.000000,34.000000,34.000000,35.000000,36.000000,36.000000,36.000000,37.000000,1,1,1,1,1,1,1,0,0,0,0,0,0,0,75,5400.234863,968,0,1,0.801664,-0.009999,-0.272000,2.991000,-0.636000,0.000000,1
4.567122,-29.788000,-36.462002,8.518000,72.336998,22.804001,18.118000,175.882996,0.000000,0.000000,0.000000,0.000000,0.000000,0.000000,0.000000,264.000000,-1245.000000,189.000000,-1417.000000,205.000000,-71.000000,-32.000000,22.000000,22.000000,22.000000,22.000000,22.000000,22.000000,22.000000,34.000000,34.000000,35.000000,36.000000,36.000000,36.000000,37.000000,1,1,1,1,1,1,1,0,0,0,0,0,0,0,75,5400.235840,968,0,1,0.798898,-0.009999,-0.271999,2.992000,-0.633000,0.000000,1
4.576961,-29.316000,-36.977001,8.355000,73.337997,22.764000,17.895000,175.641006,0.000000,0.000000,0.000000,0.000000,0.000000,0.000000,0.000000,264.000000,-1245.000000,189.000000,-1417.000000,205.000000,-71.000000,-32.000000,22.000000,22.000000,22.000000,22.000000,22.000000,22.000000,22.000000,34.000000,34.000000,35.000000,36.000000,36.000000,36.000000,37.000000,1,1,1,1,1,1,1,0,0,0,0,0,0,0,75,5400.235840,967,0,1,0.795291,-0.010000,-0.272000,2.993000,-0.628000,-0.001000,1
4.587262,-28.896000,-37.429001,8.202000,74.194000,22.724001,17.747000,175.429001,0.000000,0.000000,0.000000,0.000000,0.000000,0.000000,0.000000,264.000000,-1245.000000,189.000000,-1417.000000,205.000000,-71.000000,-32.000000,22.000000,22.000000,22.000000,22.000000,22.000000,22.000000,22.000000,34.000000,34.000000,35.000000,36.000000,36.000000,36.000000,37.000000,1,1,1,1,1,1,1,0,0,0,0,0,0,0,75,5400.235840,967,0,1,0.792031,-0.010000,-0.272000,2.994000,-0.624000,-0.001000,1
4.597017,-28.632000,-37.710999,8.102000,74.718002,22.697001,17.676001,175.296997,0.000000,0.000000,0.000000,0.000000,0.000000,0.000000,0.000000,264.000000,-1245.000000,189.000000,-1417.000000,205.000000,-71.000000,-32.000000,22.000000,22.000000,22.000000,22.000000,22.000000,22.000000,22.000000,34.000000,34.000000,35.000000,36.000000,36.000000,36.000000,37.000000,1,1,1,1,1,1,1,0,0,0,0,0,0,0,75,5400.237793,968,0,1,0.789959,-0.009999,-0.271999,2.994000,-0.621000,-0.001000,1
4.607041,-27.888000,-38.500000,7.806000,76.150002,22.617001,17.556000,174.925995,0.000000,0.000000,0.000000,0.000000,0.000000,0.000000,0.000000,264.000000,-1245.000000,189.000000,-1417.000000,205.000000,-71.000000,-32.000000,22.000000,22.000000,22.000000,22.000000,22.000000,22.000000,22.000000,34.000000,34.000000,35.000000,36.000000,36.000000,36.000000,37.000000,1,1,1,1,1,1,1,0,0,0,0,0,0,0,75,5400.235840,968,0,1,0.783990,-0.010000,-0.271999,2.996000,-0.613000,-0.002000,1
4.617021,-27.694000,-38.707001,7.726000,76.514999,22.594999,17.542000,174.830002,0.000000,0.000000,0.000000,0.000000,0.000000,0.000000,0.000000,264.000000,-1245.000000,189.000000,-1417.000000,205.000000,-71.000000,-32.000000,22.000000,22.000000,22.000000,22.000000,22.000000,22.000000,22.000000,34.000000,34.000000,35.000000,36.000000,36.000000,36.000000,37.000000,1,1,1,1,1,1,1,0,0,0,0,0,0,0,75,5400.237793,967,0,1,0.782395,-0.010000,-0.272000,2.997000,-0.610000,-0.002000,1
4.627137,-27.093000,-39.347000,7.470000,77.629997,22.523001,17.542999,174.533005,0.000000,0.000000,0.000000,0.000000,0.000000,0.000000,0.000000,264.000000,-1245.000000,189.000000,-1417.000000,205.000000,-71.000000,-32.000000,22.000000,22.000000,22.000000,22.000000,22.000000,22.000000,22.000000,34.000000,34.000000,35.000000,36.000000,36.000000,36.000000,37.000000,1,1,1,1,1,1,1,0,0,0,0,0,0,0,75,5400.234863,968,0,1,0.777355,-0.010000,-0.272000,2.999000,-0.603000,-0.003000,1
4.637043,-26.572001,-39.905998,7.241000,78.577003,22.455000,17.591999,174.276993,0.000000,0.000000,0.000000,0.000000,0.000000,0.000000,0.000000,264.000000,-1245.000000,189.000000,-1417.000000,205.000000,-71.000000,-32.000000,22.000000,22.000000,22.000000,22.000000,22.000000,22.000000,22.000000,34.000000,34.000000,35.000000,36.000000,36.000000,36.000000,37.000000,1,1,1,1,1,1,1,0,0,0,0,0,0,0,75,5400.234863,968,0,1,0.772861,-0.010000,-0.272000,3.000000,-0.596000,-0.003000,1
4.647079,-26.035999,-40.486000,6.998000,79.540001,22.381001,17.686001,174.014008,0.000000,0.000000,0.000000,0.000000,0.000000,0.000000,0.000000,264.000000,-1245.000000,189.000000,-1417.000000,205.000000,-71.000000,-32.000000,22.000000,22.000000,22.000000,22.000000,22.000000,22.000000,22.000000,34.000000,34.000000,35.000000,36.000000,36.000000,36.000000,37.000000,1,1,1,1,1,1,1,0,0,0,0,0,0,0,75,5400.235840,968,0,1,0.768097,-0.010000,-0.272000,3.002000,-0.588000,-0.003000,1
4.657044,-25.488001,-41.088001,6.742000,80.516998,22.301001,17.827999,173.746002,0.000000,0.000000,0.000000,0.000000,0.000000,0.000000,0.000000,264.000000,-1245.000000,189.000000,-1417.000000,205.000000,-71.000000,-32.000000,22.000000,22.000000,22.000000,22.000000,22.000000,22.000000,22.000000,34.000000,34.000000,35.000000,36.000000,36.000000,36.000000,37.000000,1,1,1,1,1,1,1,0,0,0,0,0,0,0,75,5400.235840,967,0,1,0.763062,-0.010000,-0.272000,3.004000,-0.579000,-0.004000,1
4.667129,-24.929001,-41.709999,6.475000,81.504997,22.212999,18.017000,173.473007,0.000000,0.000000,0.000000,0.000000,0.000000,0.000000,0.000000,264.000000,-1245.000000,189.000000,-1417.000000,205.000000,-71.000000,-32.000000,22.000000,22.000000,22.000000,22.000000,22.000000,22.000000,22.000000,34.000000,34.000000,35.000000,36.000000,36.000000,36.000000,37.000000,1,1,1,1,1,1,1,0,0,0,0,0,0,0,75,5400.234863,968,0,1,0.757758,-0.010000,-0.272000,3.006000,-0.570000,-0.004000,1
4.677051,-24.249001,-42.481998,6.140000,82.703003,22.099001,18.306999,173.139999,0.000000,0.000000,0.000000,0.000000,0.000000,0.000000,0.000000,264.000000,-1245.000000,189.000000,-1417.000000,205.000000,-71.000000,-32.000000,22.000000,22.000000,22.000000,22.000000,22.000000,22.000000,22.000000,34.000000,34.000000,35.000000,36.000000,36.000000,36.000000,37.000000,1,1,1,1,1,1,1,0,0,0,0,0,0,0,75,5400.234863,967,0,1,0.751041,-0.010000,-0.272000,3.009000,-0.558000,-0.005000,1
4.686988,-23.677999,-43.144001,5.851000,83.709000,21.997000,18.601999,172.858994,0.000000,0.000000,0.000000,0.000000,0.000000,0.000000,0.000000,264.000000,-1245.000000,189.000000,-1417.000000,205.000000,-71.000000,-32.000000,22.000000,22.000000,22.000000,22.000000,22.000000,22.000000,22.000000,34.000000,34.000000,35.000000,36.000000,36.000000,36.000000,37.000000,1,1,1,1,1,1,1,0,0,0,0,0,0,0,75,5400.235840,967,0,1,0.745157,-0.010000,-0.272000,3.011000,-0.548000,-0.006000,1
4.697072,-23.105000,-43.823002,5.553000,84.719002,21.889000,18.945000,172.576004,0.000000,0.000000,0.000000,0.000000,0.000000,0.000000,0.000000,264.000000,-1245.000000,189.000000,-1417.000000,205.000000,-71.000000,-32.000000,22.000000,22.000000,22.000000,22.000000,22.000000,22.000000,22.000000,34.000000,34.000000,35.000000,36.000000,36.000000,36.000000,37.000000,1,1,1,1,1,1,1,0,0,0,0,0,0,0,75,5400.235840,967,0,1,0.739020,-0.010000,-0.272000,3.013000,-0.536000,-0.006000,1
4.706972,-22.419001,-44.654999,5.188000,85.934998,21.750000,19.417999,172.235001,0.000000,0.000000,0.000000,0.000000,0.000000,0.000000,0.000000,264.000000,-1245.000000,189.000000,-1417.000000,205.000000,-71.000000,-32.000000,22.000000,22.000000,22.000000,22.000000,22.000000,22.000000,22.000000,34.000000,34.000000,35.000000,36.000000,36.000000,36.000000,37.000000,1,1,1,1,1,1,1,0,0,0,0,0,0,0,75,5400.234863,968,0,1,0.731332,-0.010000,-0.272000,3.016000,-0.522000,-0.007000,1
4.716941,-22.191999,-44.936001,5.064000,86.339996,21.702000,19.590000,172.121994,0.000000,0.000000,0.000000,0.000000,0.000000,0.000000,0.000000,264.000000,-1245.000000,189.000000,-1417.000000,205.000000,-71.000000,-32.000000,22.000000,22.000000,22.000000,22.000000,22.000000,22.000000,22.000000,34.000000,34.000000,35.000000,36.000000,36.000000,36.000000,37.000000,1,1,1,1,1,1,1,0,0,0,0,0,0,0,75,5400.235840,967,0,1,0.728694,-0.009999,-0.272000,3.018000,-0.517000,-0.007000,1
4.727129,-21.625999,-45.646999,4.752000,87.350998,21.577000,20.051001,171.837006,0.000000,0.000000,0.000000,0.000000,0.000000,0.000000,0.000000,264.000000,-1245.000000,189.000000,-1417.000000,205.000000,-71.000000,-32.000000,22.000000,22.000000,22.000000,22.000000,22.000000,22.000000,22.000000,34.000000,34.000000,35.000000,36.000000,36.000000,36.000000,37.000000,1,1,1,1,1,1,1,0,0,0,0,0,0,0,75,5400.235840,968,0,1,0.721942,-0.009999,-0.272000,3.020000,-0.505000,-0.007000,1
4.736946,-20.957001,-46.511002,4.372000,88.559998,21.420000,20.660000,171.496994,0.000000,0.000000,0.000000,0.000000,0.000000,0.000000,0.000000,264.000000,-1245.000000,189.000000,-1417.000000,205.000000,-71.000000,-32.000000,22.000000,22.000000,22.000000,22.000000,22.000000,22.000000,22.000000,34.000000,34.000000,35.000000,36.000000,36.000000,36.000000,37.000000,1,1,1,1,1,1,1,0,0,0,0,0,0,0,75,5400.235840,968,0,1,0.713557,-0.009999,-0.272000,3.024000,-0.489000,-0.008000,1
4.747104,-20.410000,-47.237000,4.053000,89.561996,21.282000,21.211000,171.214996,0.000000,0.000000,0.000000,0.000000,0.000000,0.000000,0.000000,264.000000,-1245.000000,189.000000,-1417.000000,205.000000,-71.000000,-32.000000,22.000000,22.000000,22.000000,22.000000,22.000000,22.000000,22.000000,34.000000,34.000000,35.000000,36.000000,36.000000,36.000000,37.000000,1,1,1,1,1,1,1,0,0,0,0,0,0,0,75,5400.234863,967,0,1,0.706351,-0.009999,-0.272000,3.026000,-0.475000,-0.008000,1
4.756976,-19.872999,-47.966999,3.733000,90.555000,21.139000,21.799000,170.934998,0.000000,0.000000,0.000000,0.000000,0.000000,0.000000,0.000000,264.000000,-1245.000000,189.000000,-1417.000000,205.000000,-71.000000,-32.000000,22.000000,22.000000,22.000000,22.000000,22.000000,22.000000,22.000000,34.000000,34.000000,35.000000,36.000000,36.000000,36.000000,37.000000,1,1,1,1,1,1,1,0,0,0,0,0,0,0,75,5400.235840,968,0,1,0.698963,-0.009999,-0.272000,3.029000,-0.461000,-0.009000,1
4.767024,-19.348000,-48.698002,3.412000,91.540001,20.990999,22.419001,170.658005,0.000000,0.000000,0.000000,0.000000,0.000000,0.000000,0.000000,264.000000,-1245.000000,189.000000,-1417.000000,205.000000,-71.000000,-32.000000,22.000000,22.000000,22.000000,22.000000,22.000000,22.000000,22.000000,34.000000,34.000000,35.000000,36.000000,36.000000,36.000000,37.000000,1,1,1,1,1,1,1,0,0,0,0,0,0,0,75,5400.237793,967,0,1,0.691410,-0.009999,-0.272000,3.032000,-0.446000,-0.009000,1
4.776985,-18.735001,-49.573002,3.028000,92.709000,20.806999,23.201000,170.328995,0.000000,0.000000,0.000000,0.000000,0.000000,0.000000,0.000000,264.000000,-1245.000000,189.000000,-1417.000000,205.000000,-71.000000,-32.000000,22.000000,22.000000,22.000000,22.000000,22.000000,22.000000,22.000000,34.000000,34.000000,35.000000,36.000000,36.000000,36.000000,37.000000,1,1,1,1,1,1,1,0,0,0,0,0,0,0,75,5400.235840,968,0,1,0.682155,-0.009999,-0.272000,3.036000,-0.428000,-0.009000,1
4.786973,-18.240000,-50.298000,2.710000,93.669998,20.648001,23.879000,170.059006,0.000000,0.000000,0.000000,0.000000,0.000000,0.000000,0.000000,264.000000,-1245.000000,189.000000,-1417.000000,205.000000,-71.000000,-32.000000,22.000000,22.000000,22.000000,22.000000,22.000000,22.000000,22.000000,34.000000,34.000000,35.000000,36.000000,36.000000,36.000000,37.000000,1,1,1,1,1,1,1,0,0,0,0,0,0,0,75,5400.234863,967,0,1,0.674305,-0.009999,-0.272000,3.039000,-0.413000,-0.009000,1
4.797050,-17.760000,-51.016998,2.395000,94.619003,20.486000,24.577999,169.792007,0.000000,0.000000,0.000000,0.000000,0.000000,0.000000,0.000000,264.000000,-1245.000000,189.000000,-1417.000000,205.000000,-71.000000,-32.000000,22.000000,22.000000,22.000000,22.000000,22.000000,22.000000,22.000000,34.000000,34.000000,35.000000,36.000000,36.000000,36.000000,37.000000,1,1,1,1,1,1,1,0,0,0,0,0,0,0,75,5400.235840,967,0,1,0.666351,-0.009999,-0.272000,3.042000,-0.397000,-0.010000,1
4.806993,-17.295000,-51.728001,2.083000,95.555000,20.319000,25.291000,169.529007,0.000000,0.000000,0.000000,0.000000,0.000000,0.000000,0.000000,264.000000,-1245.000000,189.000000,-1417.000000,205.000000,-71.000000,-32.000000,22.000000,22.000000,22.000000,22.000000,22.000000,22.000000,22.000000,34.000000,34.000000,35.000000,36.000000,36.000000,36.000000,37.000000,1,1,1,1,1,1,1,0,0,0,0,0,0,0,75,5400.234863,967,0,1,0.658314,-0.009999,-0.272000,3.045000,-0.382000,-0.010000,1
4.816976,-16.846001,-52.429001,1.775000,96.476997,20.150000,26.014999,169.270004,0.000000,0.000000,0.000000,0.000000,0.000000,0.000000,0.000000,264.000000,-1245.000000,189.000000,-1417.000000,205.000000,-71.000000,-32.000000,22.000000,22.000000,22.000000,22.000000,22.000000,22.000000,22.000000,34.000000,34.000000,35.000000,36.000000,36.000000,36.000000,37.000000,1,1,1,1,1,1,1,0,0,0,0,0,0,0,75,5400.232910,967,0,1,0.650215,-0.009999,-0.272000,3.048000,-0.366000,-0.010000,1
4.827085,-16.329000,-53.252998,1.413000,97.566002,19.943001,26.892000,168.964996,0.000000,0.000000,0.000000,0.000000,0.000000,0.000000,0.000000,264.000000,-1245.000000,189.000000,-1417.000000,205.000000,-71.000000,-32.000000,22.000000,22.000000,22.000000,22.000000,22.000000,22.000000,22.000000,34.000000,34.000000,35.000000,36.000000,36.000000,36.000000,37.000000,1,1,1,1,1,1,1,0,0,0,0,0,0,0,75,5400.234863,968,0,1,0.640447,-0.009999,-0.272000,3.052000,-0.347000,-0.010000,1
4.836994,-16.160999,-53.523998,1.294000,97.925003,19.872999,27.184999,168.865005,0.000000,0.000000,0.000000,0.000000,0.000000,0.000000,0.000000,264.000000,-1245.000000,189.000000,-1417.000000,205.000000,-71.000000,-32.000000,22.000000,22.000000,22.000000,22.000000,22.000000,22.000000,22.000000,34.000000,34.000000,35.000000,36.000000,36.000000,36.000000,37.000000,1,1,1,1,1,1,1,0,0,0,0,0,0,0,75,5400.237793,967,0,1,0.637185,-0.009999,-0.272000,3.053000,-0.340000,-0.010000,1
4.847006,-15.675000,-54.320999,0.943000,98.987000,19.663000,28.061001,168.569000,0.000000,0.000000,0.000000,0.000000,0.000000,0.000000,0.000000,264.000000,-1245.000000,189.000000,-1417.000000,205.000000,-71.000000,-32.000000,22.000000,22.000000,22.000000,22.000000,22.000000,22.000000,22.000000,34.000000,34.000000,35.000000,36.000000,36.000000,36.000000,37.000000,1,1,1,1,1,1,1,0,0,0,0,0,0,0,75,5400.234863,967,0,1,0.627399,-0.009999,-0.272000,3.057000,-0.321000,-0.010000,1
4.857004,-15.288000,-54.967999,0.657000,99.855003,19.486000,28.785999,168.326996,0.000000,0.000000,0.000000,0.000000,0.000000,0.000000,0.000000,264.000000,-1245.000000,189.000000,-1417.000000,205.000000,-71.000000,-32.000000,22.000000,22.000000,22.000000,22.000000,22.000000,22.000000,22.000000,34.000000,34.000000,35.000000,36.000000,36.000000,36.000000,37.000000,1,1,1,1,1,1,1,0,0,0,0,0,0,0,75,5400.235840,968,0,1,0.619267,-0.009999,-0.272000,3.060000,-0.305000,-0.010000,1
4.867009,-14.917000,-55.596001,0.378000,100.709000,19.309000,29.500000,168.089996,0.000000,0.000000,0.000000,0.000000,0.000000,0.000000,0.000000,264.000000,-1245.000000,189.000000,-1417.000000,205.000000,-71.000000,-32.000000,22.000000,22.000000,22.000000,22.000000,22.000000,22.000000,22.000000,34.000000,34.000000,35.000000,36.000000,36.000000,36.000000,37.000000,1,1,1,1,1,1,1,0,0,0,0,0,0,0,75,5400.235840,968,0,1,0.611178,-0.009998,-0.272000,3.063000,-0.289000,-0.009000,1
4.876940,-14.562000,-56.207001,0.107000,101.547997,19.132999,30.201000,167.856995,0.000000,0.000000,0.000000,0.000000,0.000000,0.000000,0.000000,264.000000,-1245.000000,189.000000,-1417.000000,205.000000,-71.000000,-32.000000,22.000000,22.000000,22.000000,22.000000,22.000000,22.000000,22.000000,34.000000,34.000000,35.000000,36.000000,36.000000,36.000000,37.000000,1,1,1,1,1,1,1,0,0,0,0,0,0,0,75,5400.234863,968,0,1,0.603155,-0.009998,-0.271999,3.066000,-0.274000,-0.009000,1
4.886912,-14.223000,-56.798000,-0.155000,102.373001,18.957001,30.884001,167.630005,0.000000,0.000000,0.000000,0.000000,0.000000,0.000000,0.000000,264.000000,-1245.000000,189.000000,-1417.000000,205.000000,-71.000000,-32.000000,22.000000,22.000000,22.000000,22.000000,22.000000,22.000000,22.000000,34.000000,34.000000,35.000000,36.000000,36.000000,36.000000,37.000000,1,1,1,1,1,1,1,0,0,0,0,0,0,0,75,5400.235840,968,0,1,0.595217,-0.009998,-0.271999,3.069000,-0.258000,-0.009000,1
4.897000,-13.836000,-57.480999,-0.460000,103.343002,18.747999,31.674999,167.363998,0.000000,0.000000,0.000000,0.000000,0.000000,0.000000,0.000000,264.000000,-1245.000000,189.000000,-1417.000000,205.000000,-71.000000,-32.000000,22.000000,22.000000,22.000000,22.000000,22.000000,22.000000,22.000000,34.000000,34.000000,35.000000,36.000000,36.000000,36.000000,37.000000,1,1,1,1,1,1,1,0,0,0,0,0,0,0,75,5400.235840,968,0,1,0.585835,-0.009998,-0.271999,3.072000,-0.240000,-0.008000,1
4.907012,-13.531000,-58.028000,-0.705000,104.137001,18.577000,32.306999,167.147995,0.000000,0.000000,0.000000,0.000000,0.000000,0.000000,0.000000,264.000000,-1245.000000,189.000000,-1417.000000,205.000000,-71.000000,-32.000000,22.000000,22.000000,22.000000,22.000000,22.000000,22.000000,22.000000,34.000000,34.000000,35.000000,36.000000,36.000000,36.000000,37.000000,1,1,1,1,1,1,1,0,0,0,0,0,0,0,75,5400.234863,966,0,1,0.578157,-0.009999,-0.271999,3.075000,-0.225000,-0.008000,1
4.917067,-13.241000,-58.556000,-0.941000,104.916000,18.410000,32.910999,166.936996,0.000000,0.000000,0.000000,0.000000,0.000000,0.000000,0.000000,264.000000,-1245.000000,189.000000,-1417.000000,205.000000,-71.000000,-32.000000,22.000000,22.000000,22.000000,22.000000,22.000000,22.000000,22.000000,34.000000,34.000000,35.000000,36.000000,36.000000,36.000000,37.000000,1,1,1,1,1,1,1,0,0,0,0,0,0,0,75,5400.235840,967,0,1,0.570629,-0.009998,-0.271999,3.078000,-0.211000,-0.008000,1
4.926979,-12.966000,-59.063000,-1.167000,105.681000,18.246000,33.485001,166.731995,0.000000,0.000000,0.000000,0.000000,0.000000,0.000000,0.000000,264.000000,-1245.000000,189.000000,-1417.000000,205.000000,-71.000000,-32.000000,22.000000,22.000000,22.000000,22.000000,22.000000,22.000000,22.000000,34.000000,34.000000,35.000000,36.000000,36.000000,36.000000,37.000000,1,1,1,1,1,1,1,0,0,0,0,0,0,0,75,5400.235840,968,0,1,0.563268,-0.009999,-0.271999,3.081000,-0.197000,-0.007000,1
4.936993,-12.705000,-59.550999,-1.384000,106.432999,18.086000,34.026001,166.531998,0.000000,0.000000,0.000000,0.000000,0.000000,0.000000,0.000000,264.000000,-1245.000000,189.000000,-1417.000000,205.000000,-71.000000,-32.000000,22.000000,22.000000,22.000000,22.000000,22.000000,22.000000,22.000000,34.000000,34.000000,35.000000,36.000000,36.000000,36.000000,37.000000,1,1,1,1,1,1,1,0,0,0,0,0,0,0,75,5400.235840,967,0,1,0.556090,-0.009999,-0.271999,3.083000,-0.183000,-0.007000,1
4.946993,-12.410000,-60.111000,-1.632000,107.316002,17.900999,34.630001,166.298996,0.000000,0.000000,0.000000,0.000000,0.000000,0.000000,0.000000,264.000000,-1245.000000,189.000000,-1417.000000,205.000000,-71.000000,-32.000000,22.000000,22.000000,22.000000,22.000000,22.000000,22.000000,22.000000,34.000000,34.000000,35.000000,36.000000,36.000000,36.000000,37.000000,1,1,1,1,1,1,1,0,0,0,0,0,0,0,75,5400.235840,967,0,1,0.547739,-0.009999,-0.271999,3.086000,-0.167000,-0.006000,1
4.956974,-12.180000,-60.557999,-1.827000,108.037003,17.754000,35.095001,166.112000,0.000000,0.000000,0.000000,0.000000,0.000000,0.000000,0.000000,264.000000,-1245.000000,189.000000,-1417.000000,205.000000,-71.000000,-32.000000,22.000000,22.000000,22.000000,22.000000,22.000000,22.000000,22.000000,34.000000,34.000000,35.000000,36.000000,36.000000,36.000000,37.000000,1,1,1,1,1,1,1,0,0,0,0,0,0,0,75,5400.235840,968,0,1,0.541017,-0.009999,-0.271999,3.088000,-0.155000,-0.006000,1
4.967038,-11.964000,-60.986000,-2.013000,108.742996,17.612000,35.521999,165.931000,0.000000,0.000000,0.000000,0.000000,0.000000,0.000000,0.000000,264.000000,-1245.000000,189.000000,-1417.000000,205.000000,-71.000000,-32.000000,22.000000,22.000000,22.000000,22.000000,22.000000,22.000000,22.000000,34.000000,34.000000,35.000000,36.000000,36.000000,36.000000,37.000000,1,1,1,1,1,1,1,0,0,0,0,0,0,0,75,5400.234863,968,0,1,0.534522,-0.009999,-0.271999,3.091000,-0.143000,-0.005000,1
4.977006,-11.881000,-61.152000,-2.085000,109.022003,17.556999,35.682999,165.860001,0.000000,0.000000,0.000000,0.000000,0.000000,0.000000,0.000000,264.000000,-1245.000000,189.000000,-1417.000000,205.000000,-71.000000,-32.000000,22.000000,22.000000,22.000000,22.000000,22.000000,22.000000,22.000000,34.000000,34.000000,35.000000,36.000000,36.000000,36.000000,37.000000,1,1,1,1,1,1,1,0,0,0,0,0,0,0,75,5400.237793,968,0,1,0.531990,-0.009999,-0.271999,3.092000,-0.138000,-0.005000,1
4.987001,-11.644000,-61.636002,-2.290000,109.844002,17.400000,36.127998,165.654007,0.000000,0.000000,0.000000,0.000000,0.000000,0.000000,0.000000,264.000000,-1245.000000,189.000000,-1417.000000,205.000000,-71.000000,-32.000000,22.000000,22.000000,22.000000,22.000000,22.000000,22.000000,22.000000,34.000000,34.000000,35.000000,36.000000,36.000000,36.000000,37.000000,1,1,1,1,1,1,1,0,0,0,0,0,0,0,75,5400.234863,967,0,1,0.524630,-0.009999,-0.271999,3.094000,-0.125000,-0.005000,1
4.997103,-11.461000,-62.021000,-2.451000,110.514000,17.275999,36.458000,165.488998,0.000000,0.000000,0.000000,0.000000,0.000000,0.000000,0.000000,264.000000,-1245.000000,189.000000,-1417.000000,205.000000,-71.000000,-32.000000,22.000000,22.000000,22.000000,22.000000,22.000000,22.000000,22.000000,34.000000,34.000000,35.000000,36.000000,36.000000,36.000000,37.000000,1,1,1,1,1,1,1,0,0,0,0,0,0,0,75,5400.235840,968,0,1,0.518775,-0.009999,-0.271999,3.096000,-0.114000,-0.004000,1
5.006997,-11.291000,-62.390999,-2.601000,111.168999,17.160000,36.750999,165.330002,0.000000,0.000000,0.000000,0.000000,0.000000,0.000000,0.000000,264.000000,-1245.000000,189.000000,-1417.000000,205.000000,-71.000000,-32.000000,22.000000,22.000000,22.000000,22.000000,22.000000,22.000000,22.000000,34.000000,34.000000,35.000000,36.000000,36.000000,36.000000,37.000000,1,1,1,1,1,1,1,0,0,0,0,0,0,0,75,5400.235840,968,0,1,0.513179,-0.009999,-0.271999,3.098000,-0.105000,-0.004000,1
5.016988,-11.132000,-62.748001,-2.741000,111.808998,17.052000,37.006001,165.177994,0.000000,0.000000,0.000000,0.000000,0.000000,0.000000,0.000000,264.000000,-1245.000000,189.000000,-1417.000000,205.000000,-71.000000,-32.000000,22.000000,22.000000,22.000000,22.000000,22.000000,22.000000,22.000000,34.000000,34.000000,35.000000,36.000000,36.000000,36.000000,37.000000,1,1,1,1,1,1,1,0,0,0,0,0,0,0,75,5400.235840,968,0,1,0.507848,-0.009999,-0.271999,3.100000,-0.095000,-0.003000,1
5.027020,-10.984000,-63.091999,-2.872000,112.433998,16.951000,37.224998,165.033005,0.000000,0.000000,0.000000,0.000000,0.000000,0.000000,0.000000,264.000000,-1245.000000,189.000000,-1417.000000,205.000000,-71.000000,-32.000000,22.000000,22.000000,22.000000,22.000000,22.000000,22.000000,22.000000,34.000000,34.000000,35.000000,36.000000,36.000000,36.000000,37.000000,1,1,1,1,1,1,1,0,0,0,0,0,0,0,75,5400.235840,968,0,1,0.502784,-0.009999,-0.271999,3.101000,-0.087000,-0.003000,1
5.037008,-10.822000,-63.487999,-3.016000,113.165001,16.841999,37.441002,164.867004,0.000000,0.000000,0.000000,0.000000,0.000000,0.000000,0.000000,264.000000,-1245.000000,189.000000,-1417.000000,205.000000,-71.000000,-32.000000,22.000000,22.000000,22.000000,22.000000,22.000000,22.000000,22.000000,34.000000,34.000000,35.000000,36.000000,36.000000,36.000000,37.000000,1,1,1,1,1,1,1,0,0,0,0,0,0,0,75,5400.235840,968,0,1,0.497063,-0.009999,-0.272000,3.103000,-0.078000,-0.002000,1
5.047244,-10.699000,-63.806999,-3.126000,113.758003,16.759001,37.583000,164.735992,0.000000,0.000000,0.000000,0.000000,0.000000,0.000000,0.000000,264.000000,-1245.000000,189.000000,-1417.000000,205.000000,-71.000000,-32.000000,22.000000,22.000000,22.000000,22.000000,22.000000,22.000000,22.000000,34.000000,34.000000,35.000000,36.000000,36.000000,36.000000,37.000000,1,1,1,1,1,1,1,0,0,0,0,0,0,0,75,5400.234863,967,0,1,0.492590,-0.009999,-0.272000,3.104000,-0.070000,-0.002000,1
5.057005,-10.585000,-64.114998,-3.227000,114.335999,16.684999,37.692001,164.612000,0.000000,0.000000,0.000000,0.000000,0.000000,0.000000,0.000000,264.000000,-1245.000000,189.000000,-1417.000000,205.000000,-71.000000,-32.000000,22.000000,22.000000,22.000000,22.000000,22.000000,22.000000,22.000000,34.000000,34.000000,35.000000,36.000000,36.000000,36.000000,37.000000,1,1,1,1,1,1,1,0,0,0,0,0,0,0,75,5400.237793,968,0,1,0.488384,-0.009999,-0.272000,3.106000,-0.064000,-0.002000,1
5.067009,-10.482000,-64.414001,-3.319000,114.899002,16.618000,37.770000,164.494995,0.000000,0.000000,0.000000,0.000000,0.000000,0.000000,0.000000,264.000000,-1245.000000,189.000000,-1417.000000,205.000000,-71.000000,-32.000000,22.000000,22.000000,22.000000,22.000000,22.000000,22.000000,22.000000,34.000000,34.000000,35.000000,36.000000,36.000000,36.000000,37.000000,1,1,1,1,1,1,1,0,0,0,0,0,0,0,75,5400.235840,967,0,1,0.484439,-0.009999,-0.272000,3.107000,-0.058000,-0.001000,1
5.077076,-10.424000,-64.589996,-3.369000,115.231003,16.582001,37.800999,164.427002,0.000000,0.000000,0.000000,0.000000,0.000000,0.000000,0.000000,264.000000,-1245.000000,189.000000,-1417.000000,205.000000,-71.000000,-32.000000,22.000000,22.000000,22.000000,22.000000,22.000000,22.000000,22.000000,34.000000,34.000000,35.000000,36.000000,36.000000,36.000000,37.000000,1,1,1,1,1,1,1,0,0,0,0,0,0,0,75,5400.234863,967,0,1,0.482196,-0.009999,-0.272000,3.107000,-0.055000,-0.001000,1
5.087055,-10.335000,-64.876999,-3.447000,115.772003,16.528999,37.831001,164.320007,0.000000,0.000000,0.000000,0.000000,0.000000,0.000000,0.000000,264.000000,-1245.000000,189.000000,-1417.000000,205.000000,-71.000000,-32.000000,22.000000,22.000000,22.000000,22.000000,22.000000,22.000000,22.000000,34.000000,34.000000,35.000000,36.000000,36.000000,36.000000,37.000000,1,1,1,1,1,1,1,0,0,0,0,0,0,0,75,5400.235840,967,0,1,0.478657,-0.009999,-0.272000,3.108000,-0.050000,-0.001000,1
5.097066,-10.240000,-65.211998,-3.529000,116.403000,16.475000,37.830002,164.199005,0.000000,0.000000,0.000000,0.000000,0.000000,0.000000,0.000000,264.000000,-1245.000000,189.000000,-1417.000000,205.000000,-71.000000,-32.000000,22.000000,22.000000,22.000000,22.000000,22.000000,22.000000,22.000000,34.000000,34.000000,35.000000,36.000000,36.000000,36.000000,37.000000,1,1,1,1,1,1,1,0,0,0,0,0,0,0,75,5400.234863,967,0,1,0.474729,-0.009999,-0.272000,3.109000,-0.045000,-0.001000,1
5.107041,-10.169000,-65.485001,-3.589000,116.915001,16.438000,37.800999,164.104996,0.000000,0.000000,0.000000,0.000000,0.000000,0.000000,0.000000,264.000000,-1245.000000,189.000000,-1417.000000,205.000000,-71.000000,-32.000000,22.000000,22.000000,22.000000,22.000000,22.000000,22.000000,22.000000,34.000000,34.000000,35.000000,36.000000,36.000000,36.000000,37.000000,1,1,1,1,1,1,1,0,0,0,0,0,0,0,75,5400.234863,968,0,1,0.471710,-0.009999,-0.272000,3.110000,-0.042000,0.000000,1
5.117075,-10.106000,-65.751999,-3.641000,117.414001,16.407000,37.748001,164.016998,0.000000,0.000000,0.000000,0.000000,0.000000,0.000000,0.000000,264.000000,-1245.000000,189.000000,-1417.000000,205.000000,-71.000000,-32.000000,22.000000,22.000000,22.000000,22.000000,22.000000,22.000000,22.000000,34.000000,34.000000,35.000000,36.000000,36.000000,36.000000,37.000000,1,1,1,1,1,1,1,0,0,0,0,0,0,0,75,5400.235840,968,0,1,0.468909,-0.009999,-0.272000,3.111000,-0.039000,0.000000,1
5.127037,-10.038000,-66.066002,-3.695000,117.998001,16.379999,37.654999,163.917007,0.000000,0.000000,0.000000,0.000000,0.000000,0.000000,0.000000,264.000000,-1245.000000,189.000000,-1417.000000,205.000000,-71.000000,-32.000000,22.000000,22.000000,22.000000,22.000000,22.000000,22.000000,22.000000,34.000000,34.000000,35.000000,36.000000,36.000000,36.000000,37.000000,1,1,1,1,1,1,1,0,0,0,0,0,0,0,75,5400.235840,968,0,1,0.465817,-0.009999,-0.272000,3.111000,-0.036000,0.000000,1
5.137040,-9.989000,-66.323997,-3.733000,118.473000,16.364000,37.556000,163.839996,0.000000,0.000000,0.000000,0.000000,0.000000,0.000000,0.000000,264.000000,-1245.000000,189.000000,-1417.000000,205.000000,-71.000000,-32.000000,22.000000,22.000000,22.000000,22.000000,22.000000,22.000000,22.000000,34.000000,34.000000,35.000000,36.000000,36.000000,36.000000,37.000000,1,1,1,1,1,1,1,0,0,0,0,0,0,0,75,5400.234863,967,0,1,0.463446,-0.009999,-0.272000,3.112000,-0.034000,0.000000,1
5.146979,-9.945000,-66.577003,-3.764000,118.936996,16.354000,37.438999,163.766998,0.000000,0.000000,0.000000,0.000000,0.000000,0.000000,0.000000,264.000000,-1245.000000,189.000000,-1417.000000,205.000000,-71.000000,-32.000000,22.000000,22.000000,22.000000,22.000000,22.000000,22.000000,22.000000,34.000000,34.000000,35.000000,36.000000,36.000000,36.000000,37.000000,1,1,1,1,1,1,1,0,0,0,0,0,0,0,75,5400.235840,970,0,1,0.461245,-0.009999,-0.272000,3.112000,-0.032000,0.000000,1
5.157019,-9.899000,-66.877998,-3.795000,119.483002,16.348000,37.278000,163.684006,0.000000,0.000000,0.000000,0.000000,0.000000,0.000000,0.000000,264.000000,-1245.000000,189.000000,-1417.000000,205.000000,-71.000000,-32.000000,22.000000,22.000000,22.000000,22.000000,22.000000,22.000000,22.000000,34.000000,34.000000,35.000000,36.000000,36.000000,36.000000,37.000000,1,1,1,1,1,1,1,0,0,0,0,0,0,0,75,5400.235840,967,0,1,0.458804,-0.009999,-0.272000,3.112000,-0.031000,0.000000,1
5.167095,-9.885000,-66.977997,-3.804000,119.663002,16.348000,37.220001,163.658005,0.000000,0.000000,0.000000,0.000000,0.000000,0.000000,0.000000,264.000000,-1245.000000,189.000000,-1417.000000,205.000000,-71.000000,-32.000000,22.000000,22.000000,22.000000,22.000000,22.000000,22.000000,22.000000,34.000000,34.000000,35.000000,36.000000,36.000000,36.000000,37.000000,1,1,1,1,1,1,1,0,0,0,0,0,0,0,75,5400.235840,968,0,1,0.458034,-0.009999,-0.272000,3.112000,-0.030000,0.000000,1
5.177069,-9.846000,-67.274002,-3.827000,120.194000,16.350000,37.034000,163.582001,0.000000,0.000000,0.000000,0.000000,0.000000,0.000000,0.000000,264.000000,-1245.000000,189.000000,-1417.000000,205.000000,-71.000000,-32.000000,22.000000,22.000000,22.000000,22.000000,22.000000,22.000000,22.000000,34.000000,34.000000,35.000000,36.000000,36.000000,36.000000,37.000000,1,1,1,1,1,1,1,0,0,0,0,0,0,0,75,5400.235840,967,0,1,0.455835,-0.009999,-0.272000,3.112000,-0.029000,0.000000,1
5.187036,-9.817000,-67.518997,-3.842000,120.629997,16.356001,36.868999,163.522003,0.000000,0.000000,0.000000,0.000000,0.000000,0.000000,0.000000,264.000000,-1245.000000,189.000000,-1417.000000,205.000000,-71.000000,-32.000000,22.000000,22.000000,22.000000,22.000000,22.000000,22.000000,22.000000,34.000000,34.000000,35.000000,36.000000,36.000000,36.000000,37.000000,1,1,1,1,1,1,1,0,0,0,0,0,0,0,75,5400.234863,967,0,1,0.454112,-0.009999,-0.272000,3.112000,-0.029000,0.000000,1
5.197117,-9.790000,-67.762001,-3.854000,121.060997,16.365000,36.695999,163.464005,0.000000,0.000000,0.000000,0.000000,0.000000,0.000000,0.000000,264.000000,-1245.000000,189.000000,-1417.000000,205.000000,-71.000000,-32.000000,22.000000,22.000000,22.000000,22.000000,22.000000,22.000000,22.000000,34.000000,34.000000,35.000000,36.000000,36.000000,36.000000,37.000000,1,1,1,1,1,1,1,0,0,0,0,0,0,0,75,5400.235840,967,0,1,0.452467,-0.009999,-0.272000,3.112000,-0.029000,0.000000,1
5.207075,-9.761000,-68.053001,-3.866000,121.573997,16.378000,36.483002,163.395996,0.000000,0.000000,0.000000,0.000000,0.000000,0.000000,0.000000,264.000000,-1245.000000,189.000000,-1417.000000,205.000000,-71.000000,-32.000000,22.000000,22.000000,22.000000,22.000000,22.000000,22.000000,22.000000,34.000000,34.000000,35.000000,36.000000,36.000000,36.000000,37.000000,1,1,1,1,1,1,1,0,0,0,0,0,0,0,75,5400.234863,968,0,1,0.450566,-0.010000,-0.272000,3.112000,-0.029000,0.000000,1
5.217035,-9.737000,-68.294998,-3.876000,121.998001,16.389999,36.301998,163.339996,0.000000,0.000000,0.000000,0.000000,0.000000,0.000000,0.000000,264.000000,-1245.000000,189.000000,-1417.000000,205.000000,-71.000000,-32.000000,22.000000,22.000000,22.000000,22.000000,22.000000,22.000000,22.000000,34.000000,34.000000,35.000000,36.000000,36.000000,36.000000,37.000000,1,1,1,1,1,1,1,0,0,0,0,0,0,0,75,5400.234863,968,0,1,0.449017,-0.009999,-0.272000,3.112000,-0.029000,0.000000,1
5.227040,-9.713000,-68.538002,-3.886000,122.420998,16.400999,36.119999,163.283997,0.000000,0.000000,0.000000,0.000000,0.000000,0.000000,0.000000,264.000000,-1245.000000,189.000000,-1417.000000,205.000000,-71.000000,-32.000000,22.000000,22.000000,22.000000,22.000000,22.000000,22.000000,22.000000,34.000000,34.000000,35.000000,36.000000,36.000000,36.000000,37.000000,1,1,1,1,1,1,1,0,0,0,0,0,0,0,75,5400.235840,968,0,1,0.447472,-0.010004,-0.272000,3.113000,-0.028000,0.000000,0
5.237029,-9.689000,-68.779999,-3.898000,122.845001,16.413000,35.939999,163.227005,0.000000,0.000000,0.000000,0.000000,0.000000,0.000000,0.000000,264.000000,-1245.000000,189.000000,-1417.000000,205.000000,-71.000000,-32.000000,22.000000,22.000000,22.000000,22.000000,22.000000,22.000000,22.000000,34.000000,34.000000,35.000000,36.000000,36.000000,36.000000,37.000000,1,1,1,1,1,1,1,0,0,0,0,0,0,0,75,5400.235840,967,0,1,0.445925,-0.010013,-0.272000,3.113000,-0.029000,0.000000,0
5.247037,-9.676000,-68.926003,-3.901000,123.098000,16.421000,35.832001,163.195007,0.000000,0.000000,0.000000,0.000000,0.000000,0.000000,0.000000,264.000000,-1245.000000,189.000000,-1417.000000,205.000000,-71.000000,-32.000000,22.000000,22.000000,22.000000,22.000000,22.000000,22.000000,22.000000,34.000000,34.000000,35.000000,36.000000,36.000000,36.000000,37.000000,1,1,1,1,1,1,1,0,0,0,0,0,0,0,75,5400.235840,967,0,1,0.444997,-0.010005,-0.272000,3.113000,-0.028000,0.000000,0
5.256986,-9.665000,-69.271004,-3.884000,123.686996,16.452000,35.585999,163.136993,0.000000,0.000000,0.000000,0.000000,0.000000,0.000000,0.000000,264.000000,-1245.000000,189.000000,-1417.000000,205.000000,-71.000000,-32.000000,22.000000,22.000000,22.000000,22.000000,22.000000,22.000000,22.000000,34.000000,34.000000,35.000000,36.000000,36.000000,36.000000,37.000000,1,1,1,1,1,1,1,0,0,0,0,0,0,0,75,5400.234863,968,0,1,0.442837,-0.009882,-0.272000,3.113000,-0.028000,0.000000,0
5.267034,-9.680000,-69.521004,-3.835000,124.101997,16.490000,35.417000,163.117004,0.000000,0.000000,0.000000,0.000000,0.000000,0.000000,0.000000,264.000000,-1245.000000,189.000000,-1417.000000,205.000000,-71.000000,-32.000000,22.000000,22.000000,22.000000,22.000000,22.000000,22.000000,22.000000,34.000000,34.000000,35.000000,36.000000,36.000000,36.000000,37.000000,1,1,1,1,1,1,1,0,0,0,0,0,0,0,75,5400.237793,967,0,1,0.441309,-0.009656,-0.272000,3.112000,-0.028000,0.000000,3
5.277012,-9.728000,-69.835999,-3.731000,124.612999,16.556000,35.216000,163.121002,0.000000,0.000000,0.000000,0.000000,0.000000,0.000000,0.000000,264.000000,-1245.000000,189.000000,-1417.000000,205.000000,-71.000000,-32.000000,22.000000,22.000000,22.000000,22.000000,22.000000,22.000000,22.000000,34.000000,34.000000,35.000000,36.000000,36.000000,36.000000,37.000000,1,1,1,1,1,1,1,0,0,0,0,0,0,0,75,5400.234863,967,0,1,0.439426,-0.009207,-0.272000,3.112000,-0.028000,0.000000,3
5.287013,-9.753000,-69.952003,-3.680000,124.795998,16.586000,35.145000,163.130005,0.000000,0.000000,0.000000,0.000000,0.000000,0.000000,0.000000,264.000000,-1245.000000,189.000000,-1417.000000,205.000000,-71.000000,-32.000000,22.000000,22.000000,22.000000,22.000000,22.000000,22.000000,22.000000,34.000000,34.000000,35.000000,36.000000,36.000000,36.000000,37.000000,1,1,1,1,1,1,1,0,0,0,0,0,0,0,75,5400.235840,967,0,1,0.438747,-0.008997,-0.272000,3.112000,-0.029000,0.000000,3
5.297133,-9.867000,-70.338997,-3.463000,125.391998,16.705999,34.922001,163.190994,0.000000,0.000000,0.000000,0.000000,0.000000,0.000000,0.000000,264.000000,-1245.000000,189.000000,-1417.000000,205.000000,-71.000000,-32.000000,22.000000,22.000000,22.000000,22.000000,22.000000,22.000000,22.000000,34.000000,34.000000,35.000000,36.000000,36.000000,36.000000,37.000000,1,1,1,1,1,1,1,0,0,0,0,0,0,0,75,5400.235840,967,0,1,0.436534,-0.008120,-0.272000,3.112000,-0.028000,0.000000,3
5.307092,-10.012000,-70.688004,-3.200000,125.908997,16.844000,34.737999,163.289993,0.000000,0.000000,0.000000,0.000000,0.000000,0.000000,0.000000,264.000000,-1245.000000,189.000000,-1417.000000,205.000000,-71.000000,-32.000000,22.000000,22.000000,22.000000,22.000000,22.000000,22.000000,22.000000,34.000000,34.000000,35.000000,36.000000,36.000000,36.000000,37.000000,1,1,1,1,1,1,1,0,0,0,0,0,0,0,75,5400.234863,968,0,1,0.434601,-0.007085,-0.272000,3.112000,-0.028000,0.000000,3
5.317065,-10.196000,-71.033997,-2.874000,126.396004,17.011999,34.575001,163.427994,0.000000,0.000000,0.000000,0.000000,0.000000,0.000000,0.000000,264.000000,-1245.000000,189.000000,-1417.000000,205.000000,-71.000000,-32.000000,22.000000,22.000000,22.000000,22.000000,22.000000,22.000000,22.000000,34.000000,34.000000,35.000000,36.000000,36.000000,36.000000,37.000000,1,1,1,1,1,1,1,0,0,0,0,0,0,0,75,5400.235840,968,0,1,0.432766,-0.005823,-0.272000,3.112000,-0.028000,0.000000,3
5.327063,-10.415000,-71.364998,-2.492000,126.836998,17.207001,34.438999,163.604996,0.000000,0.000000,0.000000,0.000000,0.000000,0.000000,0.000000,264.000000,-1245.000000,189.000000,-1417.000000,205.000000,-71.000000,-32.000000,22.000000,22.000000,22.000000,22.000000,22.000000,22.000000,22.000000,34.000000,34.000000,35.000000,36.000000,36.000000,36.000000,37.000000,1,1,1,1,1,1,1,0,0,0,0,0,0,0,75,5400.235840,968,0,1,0.431083,-0.004365,-0.272000,3.112000,-0.028000,0.000000,3
5.337118,-10.721000,-71.738998,-1.966000,127.297997,17.471001,34.314999,163.863998,0.000000,0.000000,0.000000,0.000000,0.000000,0.000000,0.000000,264.000000,-1245.000000,189.000000,-1417.000000,205.000000,-71.000000,-32.000000,22.000000,22.000000,22.000000,22.000000,22.000000,22.000000,22.000000,34.000000,34.000000,35.000000,36.000000,36.000000,36.000000,37.000000,1,1,1,1,1,1,1,0,0,0,0,0,0,0,75,5400.234863,967,0,1,0.429293,-0.002383,-0.272000,3.112000,-0.028000,0.000000,3
5.347092,-11.007000,-72.027000,-1.479000,127.617996,17.715000,34.243999,164.115005,0.000000,0.000000,0.000000,0.000000,0.000000,0.000000,0.000000,264.000000,-1245.000000,189.000000,-1417.000000,205.000000,-71.000000,-32.000000,22.000000,22.000000,22.000000,22.000000,22.000000,22.000000,22.000000,34.000000,34.000000,35.000000,36.000000,36.000000,36.000000,37.000000,1,1,1,1,1,1,1,0,0,0,0,0,0,0,75,5400.234863,966,0,1,0.428014,-0.000560,-0.272000,3.112000,-0.028000,0.000000,3
5.356995,-11.319000,-72.289001,-0.953000,127.875000,17.976000,34.205002,164.395004,0.000000,0.000000,0.000000,0.000000,0.000000,0.000000,0.000000,264.000000,-1245.000000,189.000000,-1417.000000,205.000000,-71.000000,-32.000000,22.000000,22.000000,22.000000,22.000000,22.000000,22.000000,22.000000,34.000000,34.000000,35.000000,36.000000,36.000000,36.000000,37.000000,1,1,1,1,1,1,1,0,0,0,0,0,0,0,75,5400.234863,968,0,1,0.426945,0.001392,-0.272000,3.112000,-0.028000,0.000000,3
5.367028,-11.651000,-72.522003,-0.399000,128.065002,18.250999,34.198002,164.701004,0.000000,0.000000,0.000000,0.000000,0.000000,0.000000,0.000000,264.000000,-1245.000000,189.000000,-1417.000000,205.000000,-71.000000,-32.000000,22.000000,22.000000,22.000000,22.000000,22.000000,22.000000,22.000000,34.000000,34.000000,35.000000,36.000000,36.000000,36.000000,37.000000,1,1,1,1,1,1,1,0,0,0,0,0,0,0,75,5400.235840,968,0,1,0.426100,0.003453,-0.272000,3.112000,-0.028000,0.000000,3
5.377030,-12.000000,-72.723999,0.177000,128.186005,18.534000,34.223999,165.026993,0.000000,0.000000,0.000000,0.000000,0.000000,0.000000,0.000000,264.000000,-1245.000000,189.000000,-1417.000000,205.000000,-71.000000,-32.000000,22.000000,22.000000,22.000000,22.000000,22.000000,22.000000,22.000000,34.000000,34.000000,35.000000,36.000000,36.000000,36.000000,37.000000,1,1,1,1,1,1,1,0,0,0,0,0,0,0,75,5400.234863,967,0,1,0.425490,0.005594,-0.272000,3.112000,-0.028000,0.000000,3
5.387047,-12.361000,-72.890999,0.765000,128.233994,18.822001,34.280998,165.367996,0.000000,0.000000,0.000000,0.000000,0.000000,0.000000,0.000000,264.000000,-1245.000000,189.000000,-1417.000000,205.000000,-71.000000,-32.000000,22.000000,22.000000,22.000000,22.000000,22.000000,22.000000,22.000000,34.000000,34.000000,35.000000,36.000000,36.000000,36.000000,37.000000,1,1,1,1,1,1,1,0,0,0,0,0,0,0,75,5400.235840,967,0,1,0.425121,0.007790,-0.272000,3.112000,-0.028000,0.000000,3
5.397151,-12.582000,-72.973999,1.120000,128.227997,18.995001,34.330002,165.578995,0.000000,0.000000,0.000000,0.000000,0.000000,0.000000,0.000000,264.000000,-1245.000000,189.000000,-1417.000000,205.000000,-71.000000,-32.000000,22.000000,22.000000,22.000000,22.000000,22.000000,22.000000,22.000000,34.000000,34.000000,35.000000,36.000000,36.000000,36.000000,37.000000,1,1,1,1,1,1,1,0,0,0,0,0,0,0,75,5400.235840,967,0,1,0.425018,0.009122,-0.272000,3.112000,-0.028000,0.000000,3
5.406977,-12.955000,-73.081001,1.710000,128.160995,19.280001,34.436001,165.936005,0.000000,0.000000,0.000000,0.000000,0.000000,0.000000,0.000000,264.000000,-1245.000000,189.000000,-1417.000000,205.000000,-71.000000,-32.000000,22.000000,22.000000,22.000000,22.000000,22.000000,22.000000,22.000000,34.000000,34.000000,35.000000,36.000000,36.000000,36.000000,37.000000,1,1,1,1,1,1,1,0,0,0,0,0,0,0,75,5400.235840,967,0,1,0.425044,0.011349,-0.272000,3.113000,-0.028000,0.000000,3
5.416929,-13.328000,-73.149002,2.287000,128.022003,19.556000,34.570000,166.294998,0.000000,0.000000,0.000000,0.000000,0.000000,0.000000,0.000000,264.000000,-1245.000000,189.000000,-1417.000000,205.000000,-71.000000,-32.000000,22.000000,22.000000,22.000000,22.000000,22.000000,22.000000,22.000000,34.000000,34.000000,35.000000,36.000000,36.000000,36.000000,37.000000,1,1,1,1,1,1,1,0,0,0,0,0,0,0,75,5400.235840,967,0,1,0.425318,0.013559,-0.272000,3.113000,-0.028000,0.000000,3
5.427017,-13.771000,-73.177002,2.953000,127.764999,19.868999,34.765999,166.723007,0.000000,0.000000,0.000000,0.000000,0.000000,0.000000,0.000000,264.000000,-1245.000000,189.000000,-1417.000000,205.000000,-71.000000,-32.000000,22.000000,22.000000,22.000000,22.000000,22.000000,22.000000,22.000000,34.000000,34.000000,35.000000,36.000000,36.000000,36.000000,37.000000,1,1,1,1,1,1,1,0,0,0,0,0,0,0,75,5400.235840,967,0,1,0.425968,0.016150,-0.272000,3.113000,-0.028000,0.000000,3
5.436917,-14.131000,-73.154999,3.475000,127.477997,20.111000,34.953999,167.070007,0.000000,0.000000,0.000000,0.000000,0.000000,0.000000,0.000000,264.000000,-1245.000000,189.000000,-1417.000000,205.000000,-71.000000,-32.000000,22.000000,22.000000,22.000000,22.000000,22.000000,22.000000,22.000000,34.000000,34.000000,35.000000,36.000000,36.000000,36.000000,37.000000,1,1,1,1,1,1,1,0,0,0,0,0,0,0,75,5400.235840,967,0,1,0.426769,0.018227,-0.272000,3.113000,-0.028000,0.000000,3
5.446890,-14.478000,-73.091003,3.960000,127.129997,20.330999,35.162998,167.404007,0.000000,0.000000,0.000000,0.000000,0.000000,0.000000,0.000000,264.000000,-1245.000000,189.000000,-1417.000000,205.000000,-71.000000,-32.000000,22.000000,22.000000,22.000000,22.000000,22.000000,22.000000,22.000000,34.000000,34.000000,35.000000,36.000000,36.000000,36.000000,37.000000,1,1,1,1,1,1,1,0,0,0,0,0,0,0,75,5400.235840,967,0,1,0.427797,0.020203,-0.272000,3.113000,-0.028000,0.000000,3
5.456912,-14.807000,-72.986000,4.402000,126.726997,20.525999,35.389999,167.720001,0.000000,0.000000,0.000000,0.000000,0.000000,0.000000,0.000000,264.000000,-1245.000000,189.000000,-1417.000000,205.000000,-71.000000,-32.000000,22.000000,22.000000,22.000000,22.000000,22.000000,22.000000,22.000000,34.000000,34.000000,35.000000,36.000000,36.000000,36.000000,37.000000,1,1,1,1,1,1,1,0,0,0,0,0,0,0,75,5400.235840,967,0,1,0.429038,0.022052,-0.272000,3.113000,-0.028000,0.000000,3
5.466955,-15.116000,-72.842003,4.795000,126.273003,20.693001,35.631001,168.014008,0.000000,0.000000,0.000000,0.000000,0.000000,0.000000,0.000000,264.000000,-1245.000000,189.000000,-1417.000000,205.000000,-71.000000,-32.000000,22.000000,22.000000,22.000000,22.000000,22.000000,22.000000,22.000000,34.000000,34.000000,35.000000,36.000000,36.000000,36.000000,37.000000,1,1,1,1,1,1,1,0,0,0,0,0,0,0,75,5400.234863,968,0,1,0.430476,0.023751,-0.272000,3.113000,-0.028000,0.000000,3
5.477014,-15.453000,-72.616997,5.196000,125.670998,20.855000,35.935001,168.332993,0.000000,0.000000,0.000000,0.000000,0.000000,0.000000,0.000000,264.000000,-1245.000000,189.000000,-1417.000000,205.000000,-71.000000,-32.000000,22.000000,22.000000,22.000000,22.000000,22.000000,22.000000,22.000000,34.000000,34.000000,35.000000,36.000000,36.000000,36.000000,37.000000,1,1,1,1,1,1,1,0,0,0,0,0,0,0,75,5400.235840,967,0,1,0.432438,0.025564,-0.272000,3.113000,-0.028000,0.000000,3
5.486952,-15.703000,-72.390999,5.468000,125.129997,20.957001,36.195999,168.567001,0.000000,0.000000,0.000000,0.000000,0.000000,0.000000,0.000000,264.000000,-1245.000000,189.000000,-1417.000000,205.000000,-71.000000,-32.000000,22.000000,22.000000,22.000000,22.000000,22.000000,22.000000,22.000000,34.000000,34.000000,35.000000,36.000000,36.000000,36.000000,37.000000,1,1,1,1,1,1,1,0,0,0,0,0,0,0,75,5400.235840,968,0,1,0.434246,0.026863,-0.272000,3.113000,-0.028000,0.000000,3
5.497049,-15.920000,-72.134003,5.680000,124.566002,21.027000,36.459999,168.766998,0.000000,0.000000,0.000000,0.000000,0.000000,0.000000,0.000000,264.000000,-1245.000000,189.000000,-1417.000000,205.000000,-71.000000,-32.000000,22.000000,22.000000,22.000000,22.000000,22.000000,22.000000,22.000000,34.000000,34.000000,35.000000,36.000000,36.000000,36.000000,37.000000,1,1,1,1,1,1,1,0,0,0,0,0,0,0,75,5400.234863,968,0,1,0.436171,0.027946,-0.272000,3.113000,-0.028000,0.000000,3
5.506960,-16.091999,-71.867996,5.825000,124.023003,21.063999,36.705002,168.925003,0.000000,0.000000,0.000000,0.000000,0.000000,0.000000,0.000000,264.000000,-1245.000000,189.000000,-1417.000000,205.000000,-71.000000,-32.000000,22.000000,22.000000,22.000000,22.000000,22.000000,22.000000,22.000000,34.000000,34.000000,35.000000,36.000000,36.000000,36.000000,37.000000,1,1,1,1,1,1,1,0,0,0,0,0,0,0,75,5400.235840,968,0,1,0.438060,0.028757,-0.272000,3.113000,-0.028000,0.000000,3
5.516939,-16.236000,-71.570000,5.921000,123.446999,21.073999,36.958000,169.057007,0.000000,0.000000,0.000000,0.000000,0.000000,0.000000,0.000000,264.000000,-1245.000000,189.000000,-1417.000000,205.000000,-71.000000,-32.000000,22.000000,22.000000,22.000000,22.000000,22.000000,22.000000,22.000000,34.000000,34.000000,35.000000,36.000000,36.000000,36.000000,37.000000,1,1,1,1,1,1,1,0,0,0,0,0,0,0,75,5400.237793,967,0,1,0.440094,0.029389,-0.272000,3.113000,-0.028000,0.000000,3
5.526943,-16.271999,-71.475998,5.939000,123.273003,21.070999,37.033001,169.091003,0.000000,0.000000,0.000000,0.000000,0.000000,0.000000,0.000000,264.000000,-1245.000000,189.000000,-1417.000000,205.000000,-71.000000,-32.000000,22.000000,22.000000,22.000000,22.000000,22.000000,22.000000,22.000000,34.000000,34.000000,35.000000,36.000000,36.000000,36.000000,37.000000,1,1,1,1,1,1,1,0,0,0,0,0,0,0,75,5400.234863,968,0,1,0.440717,0.029536,-0.272000,3.113000,-0.028000,0.000000,3
5.536965,-16.346001,-71.241997,5.961000,122.851997,21.054001,37.210999,169.158997,0.000000,0.000000,0.000000,0.000000,0.000000,0.000000,0.000000,264.000000,-1245.000000,189.000000,-1417.000000,205.000000,-71.000000,-32.000000,22.000000,22.000000,22.000000,22.000000,22.000000,22.000000,22.000000,34.000000,34.000000,35.000000,36.000000,36.000000,36.000000,37.000000,1,1,1,1,1,1,1,0,0,0,0,0,0,0,75,5400.234863,968,0,1,0.442235,0.029801,-0.272000,3.113000,-0.029000,0.000000,0
5.546987,-16.408001,-70.949997,5.948000,122.348999,21.014999,37.418999,169.216003,0.000000,0.000000,0.000000,0.000000,0.000000,0.000000,0.000000,264.000000,-1245.000000,189.000000,-1417.000000,205.000000,-71.000000,-32.000000,22.000000,22.000000,22.000000,22.000000,22.000000,22.000000,22.000000,34.000000,34.000000,35.000000,36.000000,36.000000,36.000000,37.000000,1,1,1,1,1,1,1,0,0,0,0,0,0,0,75,5400.235840,968,0,1,0.444076,0.029957,-0.271999,3.112000,-0.029000,0.000000,0
5.556929,-16.445999,-70.700996,5.918000,121.931999,20.973000,37.589001,169.250000,0.000000,0.000000,0.000000,0.000000,0.000000,0.000000,0.000000,264.000000,-1245.000000,189.000000,-1417.000000,205.000000,-71.000000,-32.000000,22.000000,22.000000,22.000000,22.000000,22.000000,22.000000,22.000000,34.000000,34.000000,35.000000,36.000000,36.000000,36.000000,37.000000,1,1,1,1,1,1,1,0,0,0,0,0,0,0,75,5400.235840,967,0,1,0.445614,0.030001,-0.272000,3.112000,-0.029000,0.000000,0
5.566940,-16.476999,-70.450996,5.879000,121.514999,20.927000,37.758999,169.279007,0.000000,0.000000,0.000000,0.000000,0.000000,0.000000,0.000000,264.000000,-1245.000000,189.000000,-1417.000000,205.000000,-71.000000,-32.000000,22.000000,22.000000,22.000000,22.000000,22.000000,22.000000,22.000000,34.000000,34.000000,35.000000,36.000000,36.000000,36.000000,37.000000,1,1,1,1,1,1,1,0,0,0,0,0,0,0,75,5400.235840,967,0,1,0.447154,0.030003,-0.272000,3.112000,-0.028000,0.000000,0
5.576947,-16.507000,-70.199997,5.838000,121.098000,20.881001,37.929001,169.307007,0.000000,0.000000,0.000000,0.000000,0.000000,0.000000,0.000000,264.000000,-1245.000000,189.000000,-1417.000000,205.000000,-71.000000,-32.000000,22.000000,22.000000,22.000000,22.000000,22.000000,22.000000,22.000000,34.000000,34.000000,35.000000,36.000000,36.000000,36.000000,37.000000,1,1,1,1,1,1,1,0,0,0,0,0,0,0,75,5400.234863,968,0,1,0.448692,0.029999,-0.272000,3.112000,-0.028000,0.000000,1
5.586973,-16.544001,-69.900002,5.792000,120.596001,20.826000,38.132999,169.343002,0.000000,0.000000,0.000000,0.000000,0.000000,0.000000,0.000000,264.000000,-1245.000000,189.000000,-1417.000000,205.000000,-71.000000,-32.000000,22.000000,22.000000,22.000000,22.000000,22.000000,22.000000,22.000000,34.000000,34.000000,35.000000,36.000000,36.000000,36.000000,37.000000,1,1,1,1,1,1,1,0,0,0,0,0,0,0,75,5400.234863,968,0,1,0.450544,0.029999,-0.272000,3.112000,-0.029000,0.000000,1
5.597078,-16.576000,-69.652000,5.755000,120.176003,20.782000,38.299000,169.373993,0.000000,0.000000,0.000000,0.000000,0.000000,0.000000,0.000000,264.000000,-1245.000000,189.000000,-1417.000000,205.000000,-71.000000,-32.000000,22.000000,22.000000,22.000000,22.000000,22.000000,22.000000,22.000000,34.000000,34.000000,35.000000,36.000000,36.000000,36.000000,37.000000,1,1,1,1,1,1,1,0,0,0,0,0,0,0,75,5400.235840,968,0,1,0.452121,0.029999,-0.272000,3.112000,-0.029000,0.000000,1
5.607012,-16.611000,-69.403000,5.721000,119.754997,20.740000,38.459000,169.408005,0.000000,0.000000,0.000000,0.000000,0.000000,0.000000,0.000000,264.000000,-1245.000000,189.000000,-1417.000000,205.000000,-71.000000,-32.000000,22.000000,22.000000,22.000000,22.000000,22.000000,22.000000,22.000000,34.000000,34.000000,35.000000,36.000000,36.000000,36.000000,37.000000,1,1,1,1,1,1,1,0,0,0,0,0,0,0,75,5400.235840,967,0,1,0.453750,0.029999,-0.272000,3.112000,-0.029000,0.000000,1
5.616956,-16.649000,-69.155998,5.690000,119.331001,20.702000,38.609001,169.442993,0.000000,0.000000,0.000000,0.000000,0.000000,0.000000,0.000000,264.000000,-1245.000000,189.000000,-1417.000000,205.000000,-71.000000,-32.000000,22.000000,22.000000,22.000000,22.000000,22.000000,22.000000,22.000000,34.000000,34.000000,35.000000,36.000000,36.000000,36.000000,37.000000,1,1,1,1,1,1,1,0,0,0,0,0,0,0,75,5400.235840,968,0,1,0.455455,0.029999,-0.272000,3.112000,-0.029000,0.000000,1
5.626918,-16.700001,-68.861000,5.658000,118.819000,20.660000,38.772999,169.490005,0.000000,0.000000,0.000000,0.000000,0.000000,0.000000,0.000000,264.000000,-1245.000000,189.000000,-1417.000000,205.000000,-71.000000,-32.000000,22.000000,22.000000,22.000000,22.000000,22.000000,22.000000,22.000000,34.000000,34.000000,35.000000,36.000000,36.000000,36.000000,37.000000,1,1,1,1,1,1,1,0,0,0,0,0,0,0,75,5400.235840,967,0,1,0.457628,0.029999,-0.272000,3.112000,-0.030000,0.000000,1
5.636938,-16.719000,-68.764000,5.648000,118.647003,20.648001,38.821999,169.507004,0.000000,0.000000,0.000000,0.000000,0.000000,0.000000,0.000000,264.000000,-1245.000000,189.000000,-1417.000000,205.000000,-71.000000,-32.000000,22.000000,22.000000,22.000000,22.000000,22.000000,22.000000,22.000000,34.000000,34.000000,35.000000,36.000000,36.000000,36.000000,37.000000,1,1,1,1,1,1,1,0,0,0,0,0,0,0,75,5400.235840,967,0,1,0.458389,0.029999,-0.272000,3.112000,-0.031000,0.000000,1
5.646933,-16.781000,-68.471001,5.625000,118.128998,20.615999,38.952999,169.559998,0.000000,0.000000,0.000000,0.000000,0.000000,0.000000,0.000000,264.000000,-1245.000000,189.000000,-1417.000000,205.000000,-71.000000,-32.000000,22.000000,22.000000,22.000000,22.000000,22.000000,22.000000,22.000000,34.000000,34.000000,35.000000,36.000000,36.000000,36.000000,37.000000,1,1,1,1,1,1,1,0,0,0,0,0,0,0,75,5400.235840,968,0,1,0.460801,0.029999,-0.272000,3.112000,-0.032000,0.000000,1
5.657008,-16.840000,-68.230003,5.612000,117.694000,20.596001,39.039001,169.608994,0.000000,0.000000,0.000000,0.000000,0.000000,0.000000,0.000000,264.000000,-1245.000000,189.000000,-1417.000000,205.000000,-71.000000,-32.000000,22.000000,22.000000,22.000000,22.000000,22.000000,22.000000,22.000000,34.000000,34.000000,35.000000,36.000000,36.000000,36.000000,37.000000,1,1,1,1,1,1,1,0,0,0,0,0,0,0,75,5400.235840,967,0,1,0.462976,0.029999,-0.272000,3.111000,-0.034000,0.000000,1
5.667038,-16.908001,-67.988998,5.605000,117.254997,20.582001,39.101002,169.662994,0.000000,0.000000,0.000000,0.000000,0.000000,0.000000,0.000000,264.000000,-1245.000000,189.000000,-1417.000000,205.000000,-71.000000,-32.000000,22.000000,22.000000,22.000000,22.000000,22.000000,22.000000,22.000000,34.000000,34.000000,35.000000,36.000000,36.000000,36.000000,37.000000,1,1,1,1,1,1,1,0,0,0,0,0,0,0,75,5400.235840,968,0,1,0.465321,0.029999,-0.272000,3.111000,-0.037000,0.000000,1
5.677087,-16.983000,-67.750000,5.605000,116.810997,20.575001,39.137001,169.722000,0.000000,0.000000,0.000000,0.000000,0.000000,0.000000,0.000000,264.000000,-1245.000000,189.000000,-1417.000000,205.000000,-71.000000,-32.000000,22.000000,22.000000,22.000000,22.000000,22.000000,22.000000,22.000000,34.000000,34.000000,35.000000,36.000000,36.000000,36.000000,37.000000,1,1,1,1,1,1,1,0,0,0,0,0,0,0,75,5400.235840,968,0,1,0.467850,0.029999,-0.272000,3.110000,-0.039000,0.000000,1
5.687021,-17.069000,-67.512001,5.612000,116.362999,20.575001,39.145000,169.785004,0.000000,0.000000,0.000000,0.000000,0.000000,0.000000,0.000000,264.000000,-1245.000000,189.000000,-1417.000000,205.000000,-71.000000,-32.000000,22.000000,22.000000,22.000000,22.000000,22.000000,22.000000,22.000000,34.000000,34.000000,35.000000,36.000000,36.000000,36.000000,37.000000,1,1,1,1,1,1,1,0,0,0,0,0,0,0,75,5400.235840,967,0,1,0.470582,0.030000,-0.272000,3.110000,-0.043000,0.000000,1
5.697193,-17.184999,-67.225998,5.630000,115.819000,20.587000,39.112000,169.869003,0.000000,0.000000,0.000000,0.000000,0.000000,0.000000,0.000000,264.000000,-1245.000000,189.000000,-1417.000000,205.000000,-71.000000,-32.000000,22.000000,22.000000,22.000000,22.000000,22.000000,22.000000,22.000000,34.000000,34.000000,35.000000,36.000000,36.000000,36.000000,37.000000,1,1,1,1,1,1,1,0,0,0,0,0,0,0,75,5400.234863,967,0,1,0.474146,0.030000,-0.272000,3.109000,-0.048000,-0.001000,1
5.707163,-17.294001,-66.987999,5.654000,115.359001,20.605000,39.047001,169.945999,0.000000,0.000000,0.000000,0.000000,0.000000,0.000000,0.000000,264.000000,-1245.000000,189.000000,-1417.000000,205.000000,-71.000000,-32.000000,22.000000,22.000000,22.000000,22.000000,22.000000,22.000000,22.000000,34.000000,34.000000,35.000000,36.000000,36.000000,36.000000,37.000000,1,1,1,1,1,1,1,0,0,0,0,0,0,0,75,5400.234863,968,0,1,0.477368,0.030000,-0.272000,3.108000,-0.053000,-0.001000,1
5.716992,-17.415001,-66.749001,5.688000,114.893997,20.632000,38.946999,170.028000,0.000000,0.000000,0.000000,0.000000,0.000000,0.000000,0.000000,264.000000,-1245.000000,189.000000,-1417.000000,205.000000,-71.000000,-32.000000,22.000000,22.000000,22.000000,22.000000,22.000000,22.000000,22.000000,34.000000,34.000000,35.000000,36.000000,36.000000,36.000000,37.000000,1,1,1,1,1,1,1,0,0,0,0,0,0,0,75,5400.234863,968,0,1,0.480832,0.030000,-0.272000,3.107000,-0.058000,-0.001000,1
5.726962,-17.548000,-66.508003,5.730000,114.424004,20.669001,38.807999,170.117004,0.000000,0.000000,0.000000,0.000000,0.000000,0.000000,0.000000,264.000000,-1245.000000,189.000000,-1417.000000,205.000000,-71.000000,-32.000000,22.000000,22.000000,22.000000,22.000000,22.000000,22.000000,22.000000,34.000000,34.000000,35.000000,36.000000,36.000000,36.000000,37.000000,1,1,1,1,1,1,1,0,0,0,0,0,0,0,75,5400.235840,967,0,1,0.484548,0.030000,-0.271999,3.106000,-0.064000,-0.002000,1
5.736990,-17.695000,-66.264999,5.782000,113.946999,20.714001,38.630001,170.212006,0.000000,0.000000,0.000000,0.000000,0.000000,0.000000,0.000000,264.000000,-1245.000000,189.000000,-1417.000000,205.000000,-71.000000,-32.000000,22.000000,22.000000,22.000000,22.000000,22.000000,22.000000,22.000000,34.000000,34.000000,35.000000,36.000000,36.000000,36.000000,37.000000,1,1,1,1,1,1,1,0,0,0,0,0,0,0,75,5400.235840,968,0,1,0.488521,0.030000,-0.271999,3.104000,-0.071000,-0.002000,1
5.746960,-17.856001,-66.016998,5.844000,113.463997,20.770000,38.410000,170.313004,0.000000,0.000000,0.000000,0.000000,0.000000,0.000000,0.000000,264.000000,-1245.000000,189.000000,-1417.000000,205.000000,-71.000000,-32.000000,22.000000,22.000000,22.000000,22.000000,22.000000,22.000000,22.000000,34.000000,34.000000,35.000000,36.000000,36.000000,36.000000,37.000000,1,1,1,1,1,1,1,0,0,0,0,0,0,0,75,5400.234863,968,0,1,0.492759,0.030000,-0.271999,3.103000,-0.079000,-0.002000,1
5.756947,-17.959000,-65.865997,5.886000,113.169998,20.806999,38.257999,170.376999,0.000000,0.000000,0.000000,0.000000,0.000000,0.000000,0.000000,264.000000,-1245.000000,189.000000,-1417.000000,205.000000,-71.000000,-32.000000,22.000000,22.000000,22.000000,22.000000,22.000000,22.000000,22.000000,34.000000,34.000000,35.000000,36.000000,36.000000,36.000000,37.000000,1,1,1,1,1,1,1,0,0,0,0,0,0,0,75,5400.235840,968,0,1,0.495430,0.030000,-0.271999,3.102000,-0.084000,-0.003000,1
5.766999,-18.143999,-65.609001,5.965000,112.676003,20.878000,37.969002,170.488998,0.000000,0.000000,0.000000,0.000000,0.000000,0.000000,0.000000,264.000000,-1245.000000,189.000000,-1417.000000,205.000000,-71.000000,-32.000000,22.000000,22.000000,22.000000,22.000000,22.000000,22.000000,22.000000,34.000000,34.000000,35.000000,36.000000,36.000000,36.000000,37.000000,1,1,1,1,1,1,1,0,0,0,0,0,0,0,75,5400.235840,967,0,1,0.500098,0.030000,-0.271999,3.100000,-0.093000,-0.003000,1
5.776975,-18.344000,-65.345001,6.055000,112.174004,20.958000,37.636002,170.608002,0.000000,0.000000,0.000000,0.000000,0.000000,0.000000,0.000000,264.000000,-1245.000000,189.000000,-1417.000000,205.000000,-71.000000,-32.000000,22.000000,22.000000,22.000000,22.000000,22.000000,22.000000,22.000000,34.000000,34.000000,35.000000,36.000000,36.000000,36.000000,37.000000,1,1,1,1,1,1,1,0,0,0,0,0,0,0,75,5400.235840,968,0,1,0.505037,0.030000,-0.271999,3.098000,-0.102000,-0.004000,1
5.786967,-18.605000,-65.015999,6.178000,111.560997,21.068001,37.176998,170.759003,0.000000,0.000000,0.000000,0.000000,0.000000,0.000000,0.000000,264.000000,-1245.000000,189.000000,-1417.000000,205.000000,-71.000000,-32.000000,22.000000,22.000000,22.000000,22.000000,22.000000,22.000000,22.000000,34.000000,34.000000,35.000000,36.000000,36.000000,36.000000,37.000000,1,1,1,1,1,1,1,0,0,0,0,0,0,0,75,5400.235840,967,0,1,0.511320,0.030000,-0.271999,3.096000,-0.115000,-0.004000,1
5.797005,-18.841000,-64.730003,6.294000,111.041000,21.169001,36.743999,170.891998,0.000000,0.000000,0.000000,0.000000,0.000000,0.000000,0.000000,264.000000,-1245.000000,189.000000,-1417.000000,205.000000,-71.000000,-32.000000,22.000000,22.000000,22.000000,22.000000,22.000000,22.000000,22.000000,34.000000,34.000000,35.000000,36.000000,36.000000,36.000000,37.000000,1,1,1,1,1,1,1,0,0,0,0,0,0,0,75,5400.235840,968,0,1,0.516849,0.030000,-0.271999,3.094000,-0.126000,-0.005000,1
5.806946,-19.094000,-64.431000,6.421000,110.512001,21.280001,36.265999,171.031006,0.000000,0.000000,0.000000,0.000000,0.000000,0.000000,0.000000,264.000000,-1245.000000,189.000000,-1417.000000,205.000000,-71.000000,-32.000000,22.000000,22.000000,22.000000,22.000000,22.000000,22.000000,22.000000,34.000000,34.000000,35.000000,36.000000,36.000000,36.000000,37.000000,1,1,1,1,1,1,1,0,0,0,0,0,0,0,75,5400.237793,967,0,1,0.522641,0.030000,-0.271999,3.092000,-0.138000,-0.005000,1
5.816957,-19.365000,-64.116997,6.561000,109.973000,21.400000,35.743999,171.177002,0.000000,0.000000,0.000000,0.000000,0.000000,0.000000,0.000000,264.000000,-1245.000000,189.000000,-1417.000000,205.000000,-71.000000,-32.000000,22.000000,22.000000,22.000000,22.000000,22.000000,22.000000,22.000000,34.000000,34.000000,35.000000,36.000000,36.000000,36.000000,37.000000,1,1,1,1,1,1,1,0,0,0,0,0,0,0,75,5400.234863,967,0,1,0.528688,0.030000,-0.271999,3.089000,-0.150000,-0.006000,1
5.826948,-19.653000,-63.787998,6.712000,109.422997,21.528999,35.176998,171.330002,0.000000,0.000000,0.000000,0.000000,0.000000,0.000000,0.000000,264.000000,-1245.000000,189.000000,-1417.000000,205.000000,-71.000000,-32.000000,22.000000,22.000000,22.000000,22.000000,22.000000,22.000000,22.000000,34.000000,34.000000,35.000000,36.000000,36.000000,36.000000,37.000000,1,1,1,1,1,1,1,0,0,0,0,0,0,0,75,5400.234863,966,0,1,0.534983,0.030000,-0.271999,3.087000,-0.163000,-0.006000,1
5.836967,-20.023001,-63.368999,6.911000,108.747002,21.694000,34.441002,171.520996,0.000000,0.000000,0.000000,0.000000,0.000000,0.000000,0.000000,264.000000,-1245.000000,189.000000,-1417.000000,205.000000,-71.000000,-32.000000,22.000000,22.000000,22.000000,22.000000,22.000000,22.000000,22.000000,34.000000,34.000000,35.000000,36.000000,36.000000,36.000000,37.000000,1,1,1,1,1,1,1,0,0,0,0,0,0,0,75,5400.235840,967,0,1,0.542849,0.030000,-0.271999,3.084000,-0.180000,-0.007000,1
5.846971,-20.353001,-62.999001,7.091000,108.169998,21.840000,33.783001,171.686996,0.000000,0.000000,0.000000,0.000000,0.000000,0.000000,0.000000,264.000000,-1245.000000,189.000000,-1417.000000,205.000000,-71.000000,-32.000000,22.000000,22.000000,22.000000,22.000000,22.000000,22.000000,22.000000,34.000000,34.000000,35.000000,36.000000,36.000000,36.000000,37.000000,1,1,1,1,1,1,1,0,0,0,0,0,0,0,75,5400.234863,968,0,1,0.549650,0.030000,-0.271999,3.081000,-0.194000,-0.007000,1
5.856977,-20.701000,-62.609001,7.282000,107.579002,21.993000,33.087002,171.860001,0.000000,0.000000,0.000000,0.000000,0.000000,0.000000,0.000000,264.000000,-1245.000000,189.000000,-1417.000000,205.000000,-71.000000,-32.000000,22.000000,22.000000,22.000000,22.000000,22.000000,22.000000,22.000000,34.000000,34.000000,35.000000,36.000000,36.000000,36.000000,37.000000,1,1,1,1,1,1,1,0,0,0,0,0,0,0,75,5400.237793,967,0,1,0.556662,0.030000,-0.271999,3.078000,-0.209000,-0.008000,1
5.866934,-21.143999,-62.111000,7.529000,106.848999,22.184999,32.207001,172.074997,0.000000,0.000000,0.000000,0.000000,0.000000,0.000000,0.000000,264.000000,-1245.000000,189.000000,-1417.000000,205.000000,-71.000000,-32.000000,22.000000,22.000000,22.000000,22.000000,22.000000,22.000000,22.000000,34.000000,34.000000,35.000000,36.000000,36.000000,36.000000,37.000000,1,1,1,1,1,1,1,0,0,0,0,0,0,0,75,5400.237793,968,0,1,0.565333,0.030000,-0.271999,3.075000,-0.228000,-0.008000,1
5.876952,-21.535000,-61.671001,7.747000,106.221001,22.350000,31.438999,172.261993,0.000000,0.000000,0.000000,0.000000,0.000000,0.000000,0.000000,264.000000,-1245.000000,189.000000,-1417.000000,205.000000,-71.000000,-32.000000,22.000000,22.000000,22.000000,22.000000,22.000000,22.000000,22.000000,34.000000,34.000000,35.000000,36.000000,36.000000,36.000000,37.000000,1,1,1,1,1,1,1,0,0,0,0,0,0,0,75,5400.237793,968,0,1,0.572754,0.030000,-0.271999,3.072000,-0.244000,-0.009000,1
5.886908,-21.697001,-61.487999,7.838000,105.964996,22.417999,31.125000,172.337997,0.000000,0.000000,0.000000,0.000000,0.000000,0.000000,0.000000,264.000000,-1245.000000,189.000000,-1417.000000,205.000000,-71.000000,-32.000000,22.000000,22.000000,22.000000,22.000000,22.000000,22.000000,22.000000,34.000000,34.000000,35.000000,36.000000,36.000000,36.000000,37.000000,1,1,1,1,1,1,1,0,0,0,0,0,0,0,75,5400.234863,968,0,1,0.575767,0.030000,-0.271999,3.070000,-0.250000,-0.009000,1
5.897011,-22.202000,-60.917000,8.121000,105.177002,22.624001,30.158001,172.574005,0.000000,0.000000,0.000000,0.000000,0.000000,0.000000,0.000000,264.000000,-1245.000000,189.000000,-1417.000000,205.000000,-71.000000,-32.000000,22.000000,22.000000,22.000000,22.000000,22.000000,22.000000,22.000000,34.000000,34.000000,35.000000,36.000000,36.000000,36.000000,37.000000,1,1,1,1,1,1,1,0,0,0,0,0,0,0,75,5400.235840,967,0,1,0.584949,0.029999,-0.271999,3.067000,-0.270000,-0.009000,1
5.906941,-22.643999,-60.415001,8.369000,104.496002,22.797001,29.330000,172.778000,0.000000,0.000000,0.000000,0.000000,0.000000,0.000000,0.000000,264.000000,-1245.000000,189.000000,-1417.000000,205.000000,-71.000000,-32.000000,22.000000,22.000000,22.000000,22.000000,22.000000,22.000000,22.000000,34.000000,34.000000,35.000000,36.000000,36.000000,36.000000,37.000000,1,1,1,1,1,1,1,0,0,0,0,0,0,0,75,5400.237793,968,0,1,0.592742,0.029999,-0.272000,3.064000,-0.286000,-0.009000,1
5.916977,-23.106001,-59.888000,8.628000,103.792999,22.971001,28.490000,172.990005,0.000000,0.000000,0.000000,0.000000,0.000000,0.000000,0.000000,264.000000,-1245.000000,189.000000,-1417.000000,205.000000,-71.000000,-32.000000,22.000000,22.000000,22.000000,22.000000,22.000000,22.000000,22.000000,34.000000,34.000000,35.000000,36.000000,36.000000,36.000000,37.000000,1,1,1,1,1,1,1,0,0,0,0,0,0,0,75,5400.234863,968,0,1,0.600644,0.030000,-0.271999,3.060000,-0.303000,-0.009000,1
5.926951,-23.589001,-59.335999,8.895000,103.064003,23.146999,27.641001,173.207001,0.000000,0.000000,0.000000,0.000000,0.000000,0.000000,0.000000,264.000000,-1245.000000,189.000000,-1417.000000,205.000000,-71.000000,-32.000000,22.000000,22.000000,22.000000,22.000000,22.000000,22.000000,22.000000,34.000000,34.000000,35.000000,36.000000,36.000000,36.000000,37.000000,1,1,1,1,1,1,1,0,0,0,0,0,0,0,75,5400.234863,967,0,1,0.608633,0.029999,-0.272000,3.057000,-0.320000,-0.010000,1
5.936976,-24.194000,-58.644001,9.228000,102.154999,23.357000,26.620001,173.477005,0.000000,0.000000,0.000000,0.000000,0.000000,0.000000,0.000000,264.000000,-1245.000000,189.000000,-1417.000000,205.000000,-71.000000,-32.000000,22.000000,22.000000,22.000000,22.000000,22.000000,22.000000,22.000000,34.000000,34.000000,35.000000,36.000000,36.000000,36.000000,37.000000,1,1,1,1,1,1,1,0,0,0,0,0,0,0,75,5400.234863,967,0,1,0.618306,0.029999,-0.271999,3.053000,-0.340000,-0.010000,1
5.947025,-24.719999,-58.042999,9.513000,101.367996,23.531000,25.774000,173.709000,0.000000,0.000000,0.000000,0.000000,0.000000,0.000000,0.000000,264.000000,-1245.000000,189.000000,-1417.000000,205.000000,-71.000000,-32.000000,22.000000,22.000000,22.000000,22.000000,22.000000,22.000000,22.000000,34.000000,34.000000,35.000000,36.000000,36.000000,36.000000,37.000000,1,1,1,1,1,1,1,0,0,0,0,0,0,0,75,5400.237793,967,0,1,0.626412,0.029999,-0.272000,3.050000,-0.357000,-0.010000,1
5.956970,-25.266001,-57.422001,9.805000,100.552002,23.702999,24.938999,173.947998,0.000000,0.000000,0.000000,0.000000,0.000000,0.000000,0.000000,264.000000,-1245.000000,189.000000,-1417.000000,205.000000,-71.000000,-32.000000,22.000000,22.000000,22.000000,22.000000,22.000000,22.000000,22.000000,34.000000,34.000000,35.000000,36.000000,36.000000,36.000000,37.000000,1,1,1,1,1,1,1,0,0,0,0,0,0,0,75,5400.235840,967,0,1,0.634536,0.029999,-0.271999,3.047000,-0.374000,-0.010000,1
5.967032,-25.830999,-56.780998,10.102000,99.709000,23.872999,24.118999,174.192993,0.000000,0.000000,0.000000,0.000000,0.000000,0.000000,0.000000,264.000000,-1245.000000,189.000000,-1417.000000,205.000000,-71.000000,-32.000000,22.000000,22.000000,22.000000,22.000000,22.000000,22.000000,22.000000,34.000000,34.000000,35.000000,36.000000,36.000000,36.000000,37.000000,1,1,1,1,1,1,1,0,0,0,0,0,0,0,75,5400.235840,968,0,1,0.642654,0.030000,-0.272000,3.043000,-0.391000,-0.010000,1
5.976972,-26.534000,-55.991001,10.465000,98.657997,24.070999,23.165001,174.494995,0.000000,0.000000,0.000000,0.000000,0.000000,0.000000,0.000000,264.000000,-1245.000000,189.000000,-1417.000000,205.000000,-71.000000,-32.000000,22.000000,22.000000,22.000000,22.000000,22.000000,22.000000,22.000000,34.000000,34.000000,35.000000,36.000000,36.000000,36.000000,37.000000,1,1,1,1,1,1,1,0,0,0,0,0,0,0,75,5400.235840,967,0,1,0.652356,0.030000,-0.272000,3.039000,-0.411000,-0.009000,1
5.986985,-26.774000,-55.723000,10.586000,98.299004,24.136000,22.856001,174.598007,0.000000,0.000000,0.000000,0.000000,0.000000,0.000000,0.000000,264.000000,-1245.000000,189.000000,-1417.000000,205.000000,-71.000000,-32.000000,22.000000,22.000000,22.000000,22.000000,22.000000,22.000000,22.000000,34.000000,34.000000,35.000000,36.000000,36.000000,36.000000,37.000000,1,1,1,1,1,1,1,0,0,0,0,0,0,0,75,5400.234863,968,0,1,0.655573,0.030000,-0.272000,3.038000,-0.417000,-0.009000,1
5.997067,-27.386000,-55.043999,10.892000,97.380997,24.295000,22.106001,174.858994,0.000000,0.000000,0.000000,0.000000,0.000000,0.000000,0.000000,264.000000,-1245.000000,189.000000,-1417.000000,205.000000,-71.000000,-32.000000,22.000000,22.000000,22.000000,22.000000,22.000000,22.000000,22.000000,34.000000,34.000000,35.000000,36.000000,36.000000,36.000000,37.000000,1,1,1,1,1,1,1,0,0,0,0,0,0,0,75,5400.234863,967,0,1,0.663566,0.030000,-0.271999,3.035000,-0.433000,-0.009000,1
6.006964,-28.141001,-54.216999,11.261000,96.245003,24.480000,21.254999,175.179001,0.000000,0.000000,0.000000,0.000000,0.000000,0.000000,0.000000,264.000000,-1245.000000,189.000000,-1417.000000,205.000000,-71.000000,-32.000000,22.000000,22.000000,22.000000,22.000000,22.000000,22.000000,22.000000,34.000000,34.000000,35.000000,36.000000,36.000000,36.000000,37.000000,1,1,1,1,1,1,1,0,0,0,0,0,0,0,75,5400.234863,968,0,1,0.673035,0.029999,-0.272000,3.031000,-0.452000,-0.009000,1
6.016971,-28.785999,-53.519001,11.567000,95.269997,24.628000,20.591000,175.451996,0.000000,0.000000,0.000000,0.000000,0.000000,0.000000,0.000000,264.000000,-1245.000000,189.000000,-1417.000000,205.000000,-71.000000,-32.000000,22.000000,22.000000,22.000000,22.000000,22.000000,22.000000,22.000000,34.000000,34.000000,35.000000,36.000000,36.000000,36.000000,37.000000,1,1,1,1,1,1,1,0,0,0,0,0,0,0,75,5400.234863,967,0,1,0.680798,0.029999,-0.271999,3.028000,-0.467000,-0.008000,1
6.026972,-29.444000,-52.817001,11.872000,94.271004,24.770000,19.975000,175.727997,0.000000,0.000000,0.000000,0.000000,0.000000,0.000000,0.000000,264.000000,-1245.000000,189.000000,-1417.000000,205.000000,-71.000000,-32.000000,22.000000,22.000000,22.000000,22.000000,22.000000,22.000000,22.000000,34.000000,34.000000,35.000000,36.000000,36.000000,36.000000,37.000000,1,1,1,1,1,1,1,0,0,0,0,0,0,0,75,5400.235840,967,0,1,0.688421,0.030000,-0.272000,3.025000,-0.482000,-0.008000,1
6.037001,-30.112000,-52.113998,12.173000,93.249001,24.905001,19.409000,176.009003,0.000000,0.000000,0.000000,0.000000,0.000000,0.000000,0.000000,264.000000,-1245.000000,189.000000,-1417.000000,205.000000,-71.000000,-32.000000,22.000000,22.000000,22.000000,22.000000,22.000000,22.000000,22.000000,34.000000,34.000000,35.000000,36.000000,36.000000,36.000000,37.000000,1,1,1,1,1,1,1,0,0,0,0,0,0,0,75,5400.234863,968,0,1,0.695885,0.030000,-0.271999,3.022000,-0.496000,-0.008000,1
6.046941,-30.788000,-51.412998,12.469000,92.208000,25.035000,18.896999,176.292007,0.000000,0.000000,0.000000,0.000000,0.000000,0.000000,0.000000,264.000000,-1245.000000,189.000000,-1417.000000,205.000000,-71.000000,-32.000000,22.000000,22.000000,22.000000,22.000000,22.000000,22.000000,22.000000,34.000000,34.000000,35.000000,36.000000,36.000000,36.000000,37.000000,1,1,1,1,1,1,1,0,0,0,0,0,0,0,75,5400.235840,968,0,1,0.703170,0.029999,-0.272000,3.019000,-0.510000,-0.007000,1
6.056986,-31.607000,-50.576000,12.816000,90.935997,25.181000,18.357000,176.636002,0.000000,0.000000,0.000000,0.000000,0.000000,0.000000,0.000000,264.000000,-1245.000000,189.000000,-1417.000000,205.000000,-71.000000,-32.000000,22.000000,22.000000,22.000000,22.000000,22.000000,22.000000,22.000000,34.000000,34.000000,35.000000,36.000000,36.000000,36.000000,37.000000,1,1,1,1,1,1,1,0,0,0,0,0,0,0,75,5400.234863,968,0,1,0.711652,0.030000,-0.272000,3.016000,-0.526000,-0.006000,1
6.067028,-32.292000,-49.886002,13.097000,89.860001,25.296000,17.972000,176.923996,0.000000,0.000000,0.000000,0.000000,0.000000,0.000000,0.000000,264.000000,-1245.000000,189.000000,-1417.000000,205.000000,-71.000000,-32.000000,22.000000,22.000000,22.000000,22.000000,22.000000,22.000000,22.000000,34.000000,34.000000,35.000000,36.000000,36.000000,36.000000,37.000000,1,1,1,1,1,1,1,0,0,0,0,0,0,0,75,5400.234863,968,0,1,0.718485,0.030000,-0.272000,3.013000,-0.538000,-0.006000,1
6.076988,-32.977001,-49.205002,13.368000,88.772003,25.403000,17.646999,177.212006,0.000000,0.000000,0.000000,0.000000,0.000000,0.000000,0.000000,264.000000,-1245.000000,189.000000,-1417.000000,205.000000,-71.000000,-32.000000,22.000000,22.000000,22.000000,22.000000,22.000000,22.000000,22.000000,34.000000,34.000000,35.000000,36.000000,36.000000,36.000000,37.000000,1,1,1,1,1,1,1,0,0,0,0,0,0,0,75,5400.235840,968,0,1,0.725091,0.030000,-0.271999,3.010000,-0.550000,-0.005000,1
6.086946,-33.658001,-48.534000,13.629000,87.676003,25.502001,17.382999,177.500000,0.000000,0.000000,0.000000,0.000000,0.000000,0.000000,0.000000,264.000000,-1245.000000,189.000000,-1417.000000,205.000000,-71.000000,-32.000000,22.000000,22.000000,22.000000,22.000000,22.000000,22.000000,22.000000,34.000000,34.000000,35.000000,36.000000,36.000000,36.000000,37.000000,1,1,1,1,1,1,1,0,0,0,0,0,0,0,75,5400.235840,968,0,1,0.731456,0.030000,-0.272000,3.008000,-0.561000,-0.005000,1
6.097093,-34.063999,-48.138000,13.780000,87.014999,25.558001,17.254999,177.671997,0.000000,0.000000,0.000000,0.000000,0.000000,0.000000,0.000000,264.000000,-1245.000000,189.000000,-1417.000000,205.000000,-71.000000,-32.000000,22.000000,22.000000,22.000000,22.000000,22.000000,22.000000,22.000000,34.000000,34.000000,35.000000,36.000000,36.000000,36.000000,37.000000,1,1,1,1,1,1,1,0,0,0,0,0,0,0,75,5400.235840,967,0,1,0.735155,0.029999,-0.271999,3.007000,-0.567000,-0.005000,1
6.107030,-34.731998,-47.488998,14.022000,85.911003,25.646000,17.089001,177.957993,0.000000,0.000000,0.000000,0.000000,0.000000,0.000000,0.000000,264.000000,-1245.000000,189.000000,-1417.000000,205.000000,-71.000000,-32.000000,22.000000,22.000000,22.000000,22.000000,22.000000,22.000000,22.000000,34.000000,34.000000,35.000000,36.000000,36.000000,36.000000,37.000000,1,1,1,1,1,1,1,0,0,0,0,0,0,0,75,5400.235840,967,0,1,0.741117,0.030000,-0.271999,3.004000,-0.577000,-0.004000,1
6.117036,-35.389000,-46.854000,14.250000,84.806000,25.725000,16.983000,178.240005,0.000000,0.000000,0.000000,0.000000,0.000000,0.000000,0.000000,264.000000,-1245.000000,189.000000,-1417.000000,205.000000,-71.000000,-32.000000,22.000000,22.000000,22.000000,22.000000,22.000000,22.000000,22.000000,34.000000,34.000000,35.000000,36.000000,36.000000,36.000000,37.000000,1,1,1,1,1,1,1,0,0,0,0,0,0,0,75,5400.234863,968,0,1,0.746817,0.029999,-0.272000,3.002000,-0.586000,-0.004000,1
6.127064,-36.158001,-46.113998,14.505000,83.481003,25.809000,16.934000,178.574997,0.000000,0.000000,0.000000,0.000000,0.000000,0.000000,0.000000,264.000000,-1245.000000,189.000000,-1417.000000,205.000000,-71.000000,-32.000000,22.000000,22.000000,22.000000,22.000000,22.000000,22.000000,22.000000,34.000000,34.000000,35.000000,36.000000,36.000000,36.000000,37.000000,1,1,1,1,1,1,1,0,0,0,0,0,0,0,75,5400.234863,967,0,1,0.753307,0.030000,-0.271999,3.000000,-0.596000,-0.003000,1
6.136995,-36.778000,-45.514999,14.701000,82.382004,25.870001,16.957001,178.848007,0.000000,0.000000,0.000000,0.000000,0.000000,0.000000,0.000000,264.000000,-1245.000000,189.000000,-1417.000000,205.000000,-71.000000,-32.000000,22.000000,22.000000,22.000000,22.000000,22.000000,22.000000,22.000000,34.000000,34.000000,35.000000,36.000000,36.000000,36.000000,37.000000,1,1,1,1,1,1,1,0,0,0,0,0,0,0,75,5400.235840,967,0,1,0.758421,0.029999,-0.272000,2.998000,-0.604000,-0.002000,1
6.147092,-37.376999,-44.932999,14.881000,81.289001,25.922001,17.034000,179.115997,0.000000,0.000000,0.000000,0.000000,0.000000,0.000000,0.000000,264.000000,-1245.000000,189.000000,-1417.000000,205.000000,-71.000000,-32.000000,22.000000,22.000000,22.000000,22.000000,22.000000,22.000000,22.000000,34.000000,34.000000,35.000000,36.000000,36.000000,36.000000,37.000000,1,1,1,1,1,1,1,0,0,0,0,0,0,0,75,5400.235840,968,0,1,0.763268,0.030000,-0.271999,2.997000,-0.610000,-0.002000,1
6.157029,-38.066002,-44.257000,15.076000,79.988998,25.973000,17.197001,179.429001,0.000000,0.000000,0.000000,0.000000,0.000000,0.000000,0.000000,264.000000,-1245.000000,189.000000,-1417.000000,205.000000,-71.000000,-32.000000,22.000000,22.000000,22.000000,22.000000,22.000000,22.000000,22.000000,34.000000,34.000000,35.000000,36.000000,36.000000,36.000000,37.000000,1,1,1,1,1,1,1,0,0,0,0,0,0,0,75,5400.235840,969,0,1,0.768737,0.030000,-0.271999,2.995000,-0.618000,-0.002000,1
6.167066,-38.612999,-43.712002,15.221000,78.917000,26.004999,17.386999,179.682007,0.000000,0.000000,0.000000,0.000000,0.000000,0.000000,0.000000,264.000000,-1245.000000,189.000000,-1417.000000,205.000000,-71.000000,-32.000000,22.000000,22.000000,22.000000,22.000000,22.000000,22.000000,22.000000,34.000000,34.000000,35.000000,36.000000,36.000000,36.000000,37.000000,1,1,1,1,1,1,1,0,0,0,0,0,0,0,75,5400.234863,967,0,1,0.773010,0.029999,-0.272000,2.994000,-0.623000,-0.001000,1
6.177070,-38.928001,-43.393002,15.300000,78.278000,26.021000,17.524000,179.830994,0.000000,0.000000,0.000000,0.000000,0.000000,0.000000,0.000000,264.000000,-1245.000000,189.000000,-1417.000000,205.000000,-71.000000,-32.000000,22.000000,22.000000,22.000000,22.000000,22.000000,22.000000,22.000000,34.000000,34.000000,35.000000,36.000000,36.000000,36.000000,37.000000,1,1,1,1,1,1,1,0,0,0,0,0,0,0,75,5400.234863,968,0,1,0.775454,0.030000,-0.272000,2.993000,-0.626000,-0.001000,1
6.187010,-39.431000,-42.874001,15.419000,77.223999,26.040001,17.787001,180.072998,0.000000,0.000000,0.000000,0.000000,0.000000,0.000000,0.000000,264.000000,-1245.000000,189.000000,-1417.000000,205.000000,-71.000000,-32.000000,22.000000,22.000000,22.000000,22.000000,22.000000,22.000000,22.000000,34.000000,34.000000,35.000000,36.000000,36.000000,36.000000,37.000000,1,1,1,1,1,1,1,0,0,0,0,0,0,0,75,5400.237793,968,0,1,0.779332,0.029999,-0.272000,2.992000,-0.630000,-0.001000,1
6.197152,-40.000000,-42.271000,15.541000,75.973000,26.052000,18.159000,180.352997,0.000000,0.000000,0.000000,0.000000,0.000000,0.000000,0.000000,264.000000,-1245.000000,189.000000,-1417.000000,205.000000,-71.000000,-32.000000,22.000000,22.000000,22.000000,22.000000,22.000000,22.000000,22.000000,34.000000,34.000000,35.000000,36.000000,36.000000,36.000000,37.000000,1,1,1,1,1,1,1,0,0,0,0,0,0,0,75,5400.234863,970,0,1,0.783679,0.030000,-0.271999,2.991000,-0.634000,0.000000,1
6.206978,-40.443001,-41.783001,15.628000,74.944000,26.052000,18.510000,180.578995,0.000000,0.000000,0.000000,0.000000,0.000000,0.000000,0.000000,264.000000,-1245.000000,189.000000,-1417.000000,205.000000,-71.000000,-32.000000,22.000000,22.000000,22.000000,22.000000,22.000000,22.000000,22.000000,34.000000,34.000000,35.000000,36.000000,36.000000,36.000000,37.000000,1,1,1,1,1,1,1,0,0,0,0,0,0,0,75,5400.235840,968,0,1,0.787061,0.029999,-0.272000,2.991000,-0.637000,0.000000,1
6.216984,-40.861000,-41.307999,15.700000,73.925003,26.046000,18.896999,180.798004,0.000000,0.000000,0.000000,0.000000,0.000000,0.000000,0.000000,264.000000,-1245.000000,189.000000,-1417.000000,205.000000,-71.000000,-32.000000,22.000000,22.000000,22.000000,22.000000,22.000000,22.000000,22.000000,34.000000,34.000000,35.000000,36.000000,36.000000,36.000000,37.000000,1,1,1,1,1,1,1,0,0,0,0,0,0,0,75,5400.234863,968,0,1,0.790241,0.030000,-0.271999,2.990000,-0.639000,0.000000,1
6.227374,-41.252998,-40.844002,15.760000,72.916000,26.031000,19.315001,181.009995,0.000000,0.000000,0.000000,0.000000,0.000000,0.000000,0.000000,264.000000,-1245.000000,189.000000,-1417.000000,205.000000,-71.000000,-32.000000,22.000000,22.000000,22.000000,22.000000,22.000000,22.000000,22.000000,34.000000,34.000000,35.000000,36.000000,36.000000,36.000000,37.000000,1,1,1,1,1,1,1,0,0,0,0,0,0,0,75,5400.235840,968,0,1,0.793236,0.029999,-0.271999,2.990000,-0.641000,0.000000,1
6.238120,-41.623001,-40.389000,15.810000,71.915001,26.010000,19.761999,181.216003,0.000000,0.000000,0.000000,0.000000,0.000000,0.000000,0.000000,264.000000,-1245.000000,189.000000,-1417.000000,205.000000,-71.000000,-32.000000,22.000000,22.000000,22.000000,22.000000,22.000000,22.000000,22.000000,34.000000,34.000000,35.000000,36.000000,36.000000,36.000000,37.000000,1,1,1,1,1,1,1,0,0,0,0,0,0,0,75,5400.235840,967,0,1,0.796062,0.029999,-0.272000,2.989000,-0.643000,0.000000,1
6.248031,-42.040001,-39.853001,15.857000,70.722000,25.976999,20.330999,181.457993,0.000000,0.000000,0.000000,0.000000,0.000000,0.000000,0.000000,264.000000,-1245.000000,189.000000,-1417.000000,205.000000,-71.000000,-32.000000,22.000000,22.000000,22.000000,22.000000,22.000000,22.000000,22.000000,34.000000,34.000000,35.000000,36.000000,36.000000,36.000000,37.000000,1,1,1,1,1,1,1,0,0,0,0,0,0,0,75,5400.235840,967,0,1,0.799261,0.030000,-0.272000,2.989000,-0.644000,0.000000,1
6.258096,-42.368000,-39.411999,15.889000,69.731003,25.943001,20.829000,181.656006,0.000000,0.000000,0.000000,0.000000,0.000000,0.000000,0.000000,264.000000,-1245.000000,189.000000,-1417.000000,205.000000,-71.000000,-32.000000,22.000000,22.000000,22.000000,22.000000,22.000000,22.000000,22.000000,34.000000,34.000000,35.000000,36.000000,36.000000,36.000000,37.000000,1,1,1,1,1,1,1,0,0,0,0,0,0,0,75,5400.235840,968,0,1,0.801791,0.030000,-0.271999,2.989000,-0.645000,0.000000,1
6.268147,-42.682999,-38.973999,15.915000,68.740997,25.903999,21.344999,181.852005,0.000000,0.000000,0.000000,0.000000,0.000000,0.000000,0.000000,264.000000,-1245.000000,189.000000,-1417.000000,205.000000,-71.000000,-32.000000,22.000000,22.000000,22.000000,22.000000,22.000000,22.000000,22.000000,34.000000,34.000000,35.000000,36.000000,36.000000,36.000000,37.000000,1,1,1,1,1,1,1,0,0,0,0,0,0,0,75,5400.237793,967,0,1,0.804221,0.030000,-0.271999,2.989000,-0.645000,0.000000,1
6.278092,-43.049000,-38.449001,15.944000,67.549004,25.851999,21.983999,182.087997,0.000000,0.000000,0.000000,0.000000,0.000000,0.000000,0.000000,264.000000,-1245.000000,189.000000,-1417.000000,205.000000,-71.000000,-32.000000,22.000000,22.000000,22.000000,22.000000,22.000000,22.000000,22.000000,34.000000,34.000000,35.000000,36.000000,36.000000,36.000000,37.000000,1,1,1,1,1,1,1,0,0,0,0,0,0,0,75,5400.234863,968,0,1,0.807037,0.029999,-0.272000,2.989000,-0.645000,0.000000,1
6.288037,-43.349998,-38.009998,15.967000,66.547997,25.804001,22.530001,182.285995,0.000000,0.000000,0.000000,0.000000,0.000000,0.000000,0.000000,264.000000,-1245.000000,189.000000,-1417.000000,205.000000,-71.000000,-32.000000,22.000000,22.000000,22.000000,22.000000,22.000000,22.000000,22.000000,34.000000,34.000000,35.000000,36.000000,36.000000,36.000000,37.000000,1,1,1,1,1,1,1,0,0,0,0,0,0,0,75,5400.235840,968,0,1,0.809329,0.029999,-0.271999,2.989000,-0.645000,0.000000,1
6.298204,-43.469002,-37.834000,15.977000,66.144997,25.784000,22.750999,182.367004,0.000000,0.000000,0.000000,0.000000,0.000000,0.000000,0.000000,264.000000,-1245.000000,189.000000,-1417.000000,205.000000,-71.000000,-32.000000,22.000000,22.000000,22.000000,22.000000,22.000000,22.000000,22.000000,34.000000,34.000000,35.000000,36.000000,36.000000,36.000000,37.000000,1,1,1,1,1,1,1,0,0,0,0,0,0,0,75,5400.234863,967,0,1,0.810237,0.029999,-0.271999,2.989000,-0.645000,0.000000,1
6.308136,-43.820999,-37.292000,16.004000,64.922997,25.719999,23.417999,182.606003,0.000000,0.000000,0.000000,0.000000,0.000000,0.000000,0.000000,264.000000,-1245.000000,189.000000,-1417.000000,205.000000,-71.000000,-32.000000,22.000000,22.000000,22.000000,22.000000,22.000000,22.000000,22.000000,34.000000,34.000000,35.000000,36.000000,36.000000,36.000000,37.000000,1,1,1,1,1,1,1,0,0,0,0,0,0,0,75,5400.235840,967,0,1,0.812967,0.029949,-0.272000,2.989000,-0.646000,0.000000,0
6.318180,-44.051998,-36.816002,15.995000,63.918999,25.659000,23.952000,182.766998,0.000000,0.000000,0.000000,0.000000,0.000000,0.000000,0.000000,264.000000,-1245.000000,189.000000,-1417.000000,205.000000,-71.000000,-32.000000,22.000000,22.000000,22.000000,22.000000,22.000000,22.000000,22.000000,34.000000,34.000000,35.000000,36.000000,36.000000,36.000000,37.000000,1,1,1,1,1,1,1,0,0,0,0,0,0,0,75,5400.235840,968,0,1,0.815230,0.029658,-0.271999,2.989000,-0.646000,0.000000,0
6.328200,-44.223000,-36.326000,15.957000,62.941002,25.591999,24.459000,182.889008,0.000000,0.000000,0.000000,0.000000,0.000000,0.000000,0.000000,264.000000,-1245.000000,189.000000,-1417.000000,205.000000,-71.000000,-32.000000,22.000000,22.000000,22.000000,22.000000,22.000000,22.000000,22.000000,34.000000,34.000000,35.000000,36.000000,36.000000,36.000000,37.000000,1,1,1,1,1,1,1,0,0,0,0,0,0,0,75,5400.235840,967,0,1,0.817450,0.029137,-0.271999,2.989000,-0.646000,0.000000,0
6.338197,-44.353001,-35.724998,15.874000,61.811001,25.507999,25.028000,182.988007,0.000000,0.000000,0.000000,0.000000,0.000000,0.000000,0.000000,264.000000,-1245.000000,189.000000,-1417.000000,205.000000,-71.000000,-32.000000,22.000000,22.000000,22.000000,22.000000,22.000000,22.000000,22.000000,34.000000,34.000000,35.000000,36.000000,36.000000,36.000000,37.000000,1,1,1,1,1,1,1,0,0,0,0,0,0,0,75,5400.235840,967,0,1,0.820037,0.028243,-0.271999,2.988000,-0.646000,0.000000,0
6.348113,-44.398998,-35.219002,15.777000,60.911999,25.436001,25.466999,183.031998,0.000000,0.000000,0.000000,0.000000,0.000000,0.000000,0.000000,264.000000,-1245.000000,189.000000,-1417.000000,205.000000,-71.000000,-32.000000,22.000000,22.000000,22.000000,22.000000,22.000000,22.000000,22.000000,34.000000,34.000000,35.000000,36.000000,36.000000,36.000000,37.000000,1,1,1,1,1,1,1,0,0,0,0,0,0,0,75,5400.235840,968,0,1,0.822111,0.027292,-0.271999,2.989000,-0.646000,0.000000,0
6.358113,-44.389000,-34.715000,15.653000,60.062000,25.363001,25.872000,183.039001,0.000000,0.000000,0.000000,0.000000,0.000000,0.000000,0.000000,264.000000,-1245.000000,189.000000,-1417.000000,205.000000,-71.000000,-32.000000,22.000000,22.000000,22.000000,22.000000,22.000000,22.000000,22.000000,34.000000,34.000000,35.000000,36.000000,36.000000,36.000000,37.000000,1,1,1,1,1,1,1,0,0,0,0,0,0,0,75,5400.235840,967,0,1,0.824092,0.026161,-0.271999,2.989000,-0.646000,0.000000,0
6.368161,-44.319000,-34.217999,15.500000,59.269001,25.291000,26.237000,183.007004,0.000000,0.000000,0.000000,0.000000,0.000000,0.000000,0.000000,264.000000,-1245.000000,189.000000,-1417.000000,205.000000,-71.000000,-32.000000,22.000000,22.000000,22.000000,22.000000,22.000000,22.000000,22.000000,34.000000,34.000000,35.000000,36.000000,36.000000,36.000000,37.000000,1,1,1,1,1,1,1,0,0,0,0,0,0,0,75,5400.234863,967,0,1,0.825962,0.024855,-0.272000,2.989000,-0.646000,0.000000,0
6.378140,-44.182999,-33.733002,15.316000,58.548000,25.221001,26.555000,182.932999,0.000000,0.000000,0.000000,0.000000,0.000000,0.000000,0.000000,264.000000,-1245.000000,189.000000,-1417.000000,205.000000,-71.000000,-32.000000,22.000000,22.000000,22.000000,22.000000,22.000000,22.000000,22.000000,34.000000,34.000000,35.000000,36.000000,36.000000,36.000000,37.000000,1,1,1,1,1,1,1,0,0,0,0,0,0,0,75,5400.235840,967,0,1,0.827696,0.023372,-0.272000,2.988000,-0.646000,0.000000,0
6.388130,-44.067001,-33.452000,15.189000,58.158001,25.181000,26.719999,182.865997,0.000000,0.000000,0.000000,0.000000,0.000000,0.000000,0.000000,264.000000,-1245.000000,189.000000,-1417.000000,205.000000,-71.000000,-32.000000,22.000000,22.000000,22.000000,22.000000,22.000000,22.000000,22.000000,34.000000,34.000000,35.000000,36.000000,36.000000,36.000000,37.000000,1,1,1,1,1,1,1,0,0,0,0,0,0,0,75,5400.235840,967,0,1,0.828657,0.022398,-0.271999,2.988000,-0.646000,0.000000,0
6.398151,-43.810001,-33.007000,14.947000,57.592999,25.118999,26.941999,182.712997,0.000000,0.000000,0.000000,0.000000,0.000000,0.000000,0.000000,264.000000,-1245.000000,189.000000,-1417.000000,205.000000,-71.000000,-32.000000,22.000000,22.000000,22.000000,22.000000,22.000000,22.000000,22.000000,34.000000,34.000000,35.000000,36.000000,36.000000,36.000000,37.000000,1,1,1,1,1,1,1,0,0,0,0,0,0,0,75,5400.235840,968,0,1,0.830098,0.020630,-0.271999,2.988000,-0.646000,0.000000,0
6.408138,-43.383999,-32.528000,14.600000,57.092999,25.054001,27.104000,182.453003,0.000000,0.000000,0.000000,0.000000,0.000000,0.000000,0.000000,264.000000,-1245.000000,189.000000,-1417.000000,205.000000,-71.000000,-32.000000,22.000000,22.000000,22.000000,22.000000,22.000000,22.000000,22.000000,34.000000,34.000000,35.000000,36.000000,36.000000,36.000000,37.000000,1,1,1,1,1,1,1,0,0,0,0,0,0,0,75,5400.235840,968,0,1,0.831494,0.018279,-0.271999,2.989000,-0.646000,0.000000,0
6.418132,-42.973999,-32.165001,14.286000,56.770000,25.007000,27.186001,182.201004,0.000000,0.000000,0.000000,0.000000,0.000000,0.000000,0.000000,264.000000,-1245.000000,189.000000,-1417.000000,205.000000,-71.000000,-32.000000,22.000000,22.000000,22.000000,22.000000,22.000000,22.000000,22.000000,34.000000,34.000000,35.000000,36.000000,36.000000,36.000000,37.000000,1,1,1,1,1,1,1,0,0,0,0,0,0,0,75,5400.234863,968,0,1,0.832470,0.016244,-0.272000,2.988000,-0.646000,0.000000,3
6.428175,-42.550999,-31.809000,13.961000,56.459999,24.962999,27.261999,181.942993,0.000000,0.000000,0.000000,0.000000,0.000000,0.000000,0.000000,264.000000,-1245.000000,189.000000,-1417.000000,205.000000,-71.000000,-32.000000,22.000000,22.000000,22.000000,22.000000,22.000000,22.000000,22.000000,34.000000,34.000000,35.000000,36.000000,36.000000,36.000000,37.000000,1,1,1,1,1,1,1,0,0,0,0,0,0,0,75,5400.234863,968,0,1,0.833410,0.014193,-0.272000,2.989000,-0.646000,0.000000,3
6.438207,-42.113998,-31.459000,13.625000,56.160999,24.924000,27.334000,181.679001,0.000000,0.000000,0.000000,0.000000,0.000000,0.000000,0.000000,264.000000,-1245.000000,189.000000,-1417.000000,205.000000,-71.000000,-32.000000,22.000000,22.000000,22.000000,22.000000,22.000000,22.000000,22.000000,34.000000,34.000000,35.000000,36.000000,36.000000,36.000000,37.000000,1,1,1,1,1,1,1,0,0,0,0,0,0,0,75,5400.235840,968,0,1,0.834315,0.012126,-0.272000,2.989000,-0.646000,0.000000,3
6.448171,-41.571999,-31.048000,13.207000,55.818001,24.882000,27.412001,181.352997,0.000000,0.000000,0.000000,0.000000,0.000000,0.000000,0.000000,264.000000,-1245.000000,189.000000,-1417.000000,205.000000,-71.000000,-32.000000,22.000000,22.000000,22.000000,22.000000,22.000000,22.000000,22.000000,34.000000,34.000000,35.000000,36.000000,36.000000,36.000000,37.000000,1,1,1,1,1,1,1,0,0,0,0,0,0,0,75,5400.235840,968,0,1,0.835355,0.009626,-0.272000,2.988000,-0.646000,0.000000,3
6.458222,-41.105000,-30.712999,12.846000,55.547001,24.851999,27.471001,181.074005,0.000000,0.000000,0.000000,0.000000,0.000000,0.000000,0.000000,264.000000,-1245.000000,189.000000,-1417.000000,205.000000,-71.000000,-32.000000,22.000000,22.000000,22.000000,22.000000,22.000000,22.000000,22.000000,34.000000,34.000000,35.000000,36.000000,36.000000,36.000000,37.000000,1,1,1,1,1,1,1,0,0,0,0,0,0,0,75,5400.237793,967,0,1,0.836182,0.007527,-0.271999,2.989000,-0.646000,0.000000,3
6.468254,-40.624001,-30.385000,12.473000,55.287998,24.827000,27.524000,180.787994,0.000000,0.000000,0.000000,0.000000,0.000000,0.000000,0.000000,264.000000,-1245.000000,189.000000,-1417.000000,205.000000,-71.000000,-32.000000,22.000000,22.000000,22.000000,22.000000,22.000000,22.000000,22.000000,34.000000,34.000000,35.000000,36.000000,36.000000,36.000000,37.000000,1,1,1,1,1,1,1,0,0,0,0,0,0,0,75,5400.235840,967,0,1,0.836974,0.005414,-0.271999,2.988000,-0.646000,0.000000,3
6.478096,-40.129002,-30.065001,12.088000,55.041000,24.806000,27.572001,180.494995,0.000000,0.000000,0.000000,0.000000,0.000000,0.000000,0.000000,264.000000,-1245.000000,189.000000,-1417.000000,205.000000,-71.000000,-32.000000,22.000000,22.000000,22.000000,22.000000,22.000000,22.000000,22.000000,34.000000,34.000000,35.000000,36.000000,36.000000,36.000000,37.000000,1,1,1,1,1,1,1,0,0,0,0,0,0,0,75,5400.232910,968,0,1,0.837729,0.003288,-0.272000,2.988000,-0.646000,0.000000,3
6.488267,-39.618999,-29.752001,11.690000,54.807999,24.790001,27.614000,180.195007,0.000000,0.000000,0.000000,0.000000,0.000000,0.000000,0.000000,264.000000,-1245.000000,189.000000,-1417.000000,205.000000,-71.000000,-32.000000,22.000000,22.000000,22.000000,22.000000,22.000000,22.000000,22.000000,34.000000,34.000000,35.000000,36.000000,36.000000,36.000000,37.000000,1,1,1,1,1,1,1,0,0,0,0,0,0,0,75,5400.235840,968,0,1,0.838448,0.001149,-0.272000,2.989000,-0.645000,0.000000,3
6.498419,-39.096001,-29.447001,11.280000,54.587002,24.780001,27.650000,179.888000,0.000000,0.000000,0.000000,0.000000,0.000000,0.000000,0.000000,264.000000,-1245.000000,189.000000,-1417.000000,205.000000,-71.000000,-32.000000,22.000000,22.000000,22.000000,22.000000,22.000000,22.000000,22.000000,34.000000,34.000000,35.000000,36.000000,36.000000,36.000000,37.000000,1,1,1,1,1,1,1,0,0,0,0,0,0,0,75,5400.234863,967,0,1,0.839130,-0.001001,-0.271999,2.988000,-0.646000,0.000000,3
6.508296,-38.449001,-29.091999,10.772000,54.340000,24.774000,27.686001,179.509995,0.000000,0.000000,0.000000,0.000000,0.000000,0.000000,0.000000,264.000000,-1245.000000,189.000000,-1417.000000,205.000000,-71.000000,-32.000000,22.000000,22.000000,22.000000,22.000000,22.000000,22.000000,22.000000,34.000000,34.000000,35.000000,36.000000,36.000000,36.000000,37.000000,1,1,1,1,1,1,1,0,0,0,0,0,0,0,75,5400.235840,967,0,1,0.839901,-0.003596,-0.271999,2.989000,-0.646000,0.000000,3
6.518258,-37.894001,-28.805000,10.335000,54.148998,24.775000,27.709000,179.186996,0.000000,0.000000,0.000000,0.000000,0.000000,0.000000,0.000000,264.000000,-1245.000000,189.000000,-1417.000000,205.000000,-71.000000,-32.000000,22.000000,22.000000,22.000000,22.000000,22.000000,22.000000,22.000000,34.000000,34.000000,35.000000,36.000000,36.000000,36.000000,37.000000,1,1,1,1,1,1,1,0,0,0,0,0,0,0,75,5400.235840,968,0,1,0.840502,-0.005771,-0.271999,2.988000,-0.646000,0.000000,3
6.528280,-37.668999,-28.693001,10.156000,54.077000,24.778000,27.716999,179.056000,0.000000,0.000000,0.000000,0.000000,0.000000,0.000000,0.000000,264.000000,-1245.000000,189.000000,-1417.000000,205.000000,-71.000000,-32.000000,22.000000,22.000000,22.000000,22.000000,22.000000,22.000000,22.000000,34.000000,34.000000,35.000000,36.000000,36.000000,36.000000,37.000000,1,1,1,1,1,1,1,0,0,0,0,0,0,0,75,5400.235840,968,0,1,0.840732,-0.006644,-0.271999,2.989000,-0.646000,0.000000,3
6.538226,-36.978001,-28.364000,9.608000,53.872002,24.789000,27.733999,178.654999,0.000000,0.000000,0.000000,0.000000,0.000000,0.000000,0.000000,264.000000,-1245.000000,189.000000,-1417.000000,205.000000,-71.000000,-32.000000,22.000000,22.000000,22.000000,22.000000,22.000000,22.000000,22.000000,34.000000,34.000000,35.000000,36.000000,36.000000,36.000000,37.000000,1,1,1,1,1,1,1,0,0,0,0,0,0,0,75,5400.235840,968,0,1,0.841387,-0.009271,-0.272000,2.989000,-0.646000,0.000000,3
6.548164,-36.386002,-28.100000,9.137000,53.716999,24.806000,27.742001,178.311996,0.000000,0.000000,0.000000,0.000000,0.000000,0.000000,0.000000,264.000000,-1245.000000,189.000000,-1417.000000,205.000000,-71.000000,-32.000000,22.000000,22.000000,22.000000,22.000000,22.000000,22.000000,22.000000,34.000000,34.000000,35.000000,36.000000,36.000000,36.000000,37.000000,1,1,1,1,1,1,1,0,0,0,0,0,0,0,75,5400.235840,968,0,1,0.841892,-0.011470,-0.272000,2.988000,-0.646000,0.000000,3
6.558347,-35.780998,-27.844999,8.653000,53.576000,24.827999,27.743000,177.962006,0.000000,0.000000,0.000000,0.000000,0.000000,0.000000,0.000000,264.000000,-1245.000000,189.000000,-1417.000000,205.000000,-71.000000,-32.000000,22.000000,22.000000,22.000000,22.000000,22.000000,22.000000,22.000000,34.000000,34.000000,35.000000,36.000000,36.000000,36.000000,37.000000,1,1,1,1,1,1,1,0,0,0,0,0,0,0,75,5400.234863,968,0,1,0.842359,-0.013678,-0.272000,2.988000,-0.646000,0.000000,3
6.569460,-35.162998,-27.600000,8.157000,53.449001,24.857000,27.739000,177.604004,0.000000,0.000000,0.000000,0.000000,0.000000,0.000000,0.000000,264.000000,-1245.000000,189.000000,-1417.000000,205.000000,-71.000000,-32.000000,22.000000,22.000000,22.000000,22.000000,22.000000,22.000000,22.000000,34.000000,34.000000,35.000000,36.000000,36.000000,36.000000,37.000000,1,1,1,1,1,1,1,0,0,0,0,0,0,0,75,5400.235840,967,0,1,0.842788,-0.015893,-0.271999,2.988000,-0.646000,0.000000,3
6.580149,-34.402000,-27.316999,7.545000,53.314999,24.898001,27.725000,177.164001,0.000000,0.000000,0.000000,0.000000,0.000000,0.000000,0.000000,264.000000,-1245.000000,189.000000,-1417.000000,205.000000,-71.000000,-32.000000,22.000000,22.000000,22.000000,22.000000,22.000000,22.000000,22.000000,34.000000,34.000000,35.000000,36.000000,36.000000,36.000000,37.000000,1,1,1,1,1,1,1,0,0,0,0,0,0,0,75,5400.235840,968,0,1,0.843253,-0.018560,-0.272001,2.988000,-0.645000,0.000000,3
6.590075,-33.754002,-27.091999,7.021000,53.219002,24.938999,27.708000,176.789993,0.000000,0.000000,0.000000,0.000000,0.000000,0.000000,0.000000,264.000000,-1245.000000,189.000000,-1417.000000,205.000000,-71.000000,-32.000000,22.000000,22.000000,22.000000,22.000000,22.000000,22.000000,22.000000,34.000000,34.000000,35.000000,36.000000,36.000000,36.000000,37.000000,1,1,1,1,1,1,1,0,0,0,0,0,0,0,75,5400.237793,967,0,1,0.843599,-0.020790,-0.272001,2.988000,-0.645000,0.000000,3
6.600252,-33.091999,-26.877001,6.486000,53.138000,24.987000,27.683001,176.408005,0.000000,0.000000,0.000000,0.000000,0.000000,0.000000,0.000000,264.000000,-1245.000000,189.000000,-1417.000000,205.000000,-71.000000,-32.000000,22.000000,22.000000,22.000000,22.000000,22.000000,22.000000,22.000000,34.000000,34.000000,35.000000,36.000000,36.000000,36.000000,37.000000,1,1,1,1,1,1,1,0,0,0,0,0,0,0,75,5400.234863,967,0,1,0.843907,-0.023025,-0.272001,2.988000,-0.645000,0.000000,3
6.610109,-32.417999,-26.672001,5.938000,53.070999,25.041000,27.653000,176.018005,0.000000,0.000000,0.000000,0.000000,0.000000,0.000000,0.000000,264.000000,-1245.000000,189.000000,-1417.000000,205.000000,-71.000000,-32.000000,22.000000,22.000000,22.000000,22.000000,22.000000,22.000000,22.000000,34.000000,34.000000,35.000000,36.000000,36.000000,36.000000,37.000000,1,1,1,1,1,1,1,0,0,0,0,0,0,0,75,5400.235840,968,0,1,0.844177,-0.025265,-0.272001,2.988000,-0.645000,0.000000,3
6.620207,-31.591999,-26.440001,5.265000,53.009998,25.113001,27.608999,175.539001,0.000000,0.000000,0.000000,0.000000,0.000000,0.000000,0.000000,264.000000,-1245.000000,189.000000,-1417.000000,205.000000,-71.000000,-32.000000,22.000000,22.000000,22.000000,22.000000,22.000000,22.000000,22.000000,34.000000,34.000000,35.000000,36.000000,36.000000,36.000000,37.000000,1,1,1,1,1,1,1,0,0,0,0,0,0,0,75,5400.235840,968,0,1,0.844451,-0.027959,-0.272001,2.988000,-0.645000,0.000000,3
6.630048,-30.891001,-26.257000,4.692000,52.974998,25.181000,27.565001,175.132004,0.000000,0.000000,0.000000,0.000000,0.000000,0.000000,0.000000,264.000000,-1245.000000,189.000000,-1417.000000,205.000000,-71.000000,-32.000000,22.000000,22.000000,22.000000,22.000000,22.000000,22.000000,22.000000,34.000000,34.000000,35.000000,36.000000,36.000000,36.000000,37.000000,1,1,1,1,1,1,1,0,0,0,0,0,0,0,75,5400.235840,968,0,1,0.844637,-0.030207,-0.272001,2.988000,-0.645000,0.000000,3
6.640121,-30.177999,-26.084999,4.108000,52.955002,25.254999,27.514000,174.716995,0.000000,0.000000,0.000000,0.000000,0.000000,0.000000,0.000000,264.000000,-1245.000000,189.000000,-1417.000000,205.000000,-71.000000,-32.000000,22.000000,22.000000,22.000000,22.000000,22.000000,22.000000,22.000000,34.000000,34.000000,35.000000,36.000000,36.000000,36.000000,37.000000,1,1,1,1,1,1,1,0,0,0,0,0,0,0,75,5400.234863,967,0,1,0.844784,-0.032459,-0.272001,2.988000,-0.645000,0.000000,3
6.650138,-29.308001,-25.892000,3.393000,52.950001,25.351000,27.445999,174.209000,0.000000,0.000000,0.000000,0.000000,0.000000,0.000000,0.000000,264.000000,-1245.000000,189.000000,-1417.000000,205.000000,-71.000000,-32.000000,22.000000,22.000000,22.000000,22.000000,22.000000,22.000000,22.000000,34.000000,34.000000,35.000000,36.000000,36.000000,36.000000,37.000000,1,1,1,1,1,1,1,0,0,0,0,0,0,0,75,5400.235840,967,0,1,0.844911,-0.035164,-0.272001,2.988000,-0.645000,0.000000,3
6.660069,-28.572001,-25.743999,2.787000,52.962002,25.438000,27.382000,173.776993,0.000000,0.000000,0.000000,0.000000,0.000000,0.000000,0.000000,264.000000,-1245.000000,189.000000,-1417.000000,205.000000,-71.000000,-32.000000,22.000000,22.000000,22.000000,22.000000,22.000000,22.000000,22.000000,34.000000,34.000000,35.000000,36.000000,36.000000,36.000000,37.000000,1,1,1,1,1,1,1,0,0,0,0,0,0,0,75,5400.234863,968,0,1,0.844974,-0.037419,-0.272001,2.988000,-0.645000,0.000000,3
6.670067,-28.125000,-25.659000,2.419000,52.976002,25.493000,27.341000,173.514008,0.000000,0.000000,0.000000,0.000000,0.000000,0.000000,0.000000,264.000000,-1245.000000,189.000000,-1417.000000,205.000000,-71.000000,-32.000000,22.000000,22.000000,22.000000,22.000000,22.000000,22.000000,22.000000,34.000000,34.000000,35.000000,36.000000,36.000000,36.000000,37.000000,1,1,1,1,1,1,1,0,0,0,0,0,0,0,75,5400.235840,968,0,1,0.844993,-0.038773,-0.272001,2.988000,-0.645000,0.000000,3
6.680115,-27.372000,-25.528000,1.799000,53.011002,25.587999,27.267000,173.070007,0.000000,0.000000,0.000000,0.000000,0.000000,0.000000,0.000000,264.000000,-1245.000000,189.000000,-1417.000000,205.000000,-71.000000,-32.000000,22.000000,22.000000,22.000000,22.000000,22.000000,22.000000,22.000000,34.000000,34.000000,35.000000,36.000000,36.000000,36.000000,37.000000,1,1,1,1,1,1,1,0,0,0,0,0,0,0,75,5400.234863,967,0,1,0.844995,-0.041029,-0.272001,2.988000,-0.645000,0.000000,3
6.690093,-26.608999,-25.408001,1.170000,53.061001,25.688999,27.186001,172.619003,0.000000,0.000000,0.000000,0.000000,0.000000,0.000000,0.000000,264.000000,-1245.000000,189.000000,-1417.000000,205.000000,-71.000000,-32.000000,22.000000,22.000000,22.000000,22.000000,22.000000,22.000000,22.000000,34.000000,34.000000,35.000000,36.000000,36.000000,36.000000,37.000000,1,1,1,1,1,1,1,0,0,0,0,0,0,0,75,5400.234863,967,0,1,0.844958,-0.043285,-0.272001,2.988000,-0.645000,0.000000,3
6.700207,-25.837000,-25.298000,0.533000,53.125000,25.795000,27.100000,172.160995,0.000000,0.000000,0.000000,0.000000,0.000000,0.000000,0.000000,264.000000,-1245.000000,189.000000,-1417.000000,205.000000,-71.000000,-32.000000,22.000000,22.000000,22.000000,22.000000,22.000000,22.000000,22.000000,34.000000,34.000000,35.000000,36.000000,36.000000,36.000000,37.000000,1,1,1,1,1,1,1,0,0,0,0,0,0,0,75,5400.235840,967,0,1,0.844883,-0.045540,-0.272001,2.988000,-0.645000,0.000000,3
6.710215,-24.900000,-25.181999,-0.238000,53.221001,25.927999,26.988001,171.602005,0.000000,0.000000,0.000000,0.000000,0.000000,0.000000,0.000000,264.000000,-1245.000000,189.000000,-1417.000000,205.000000,-71.000000,-32.000000,22.000000,22.000000,22.000000,22.000000,22.000000,22.000000,22.000000,34.000000,34.000000,35.000000,36.000000,36.000000,36.000000,37.000000,1,1,1,1,1,1,1,0,0,0,0,0,0,0,75,5400.235840,968,0,1,0.844742,-0.048244,-0.272001,2.988000,-0.645000,0.000000,3
6.720104,-24.111000,-25.097000,-0.889000,53.317001,26.044001,26.886999,171.128006,0.000000,0.000000,0.000000,0.000000,0.000000,0.000000,0.000000,264.000000,-1245.000000,189.000000,-1417.000000,205.000000,-71.000000,-32.000000,22.000000,22.000000,22.000000,22.000000,22.000000,22.000000,22.000000,34.000000,34.000000,35.000000,36.000000,36.000000,36.000000,37.000000,1,1,1,1,1,1,1,0,0,0,0,0,0,0,75,5400.235840,968,0,1,0.844582,-0.050495,-0.272001,2.988000,-0.645000,0.000000,3
6.730043,-23.313999,-25.023001,-1.545000,53.428001,26.163000,26.781000,170.647995,0.000000,0.000000,0.000000,0.000000,0.000000,0.000000,0.000000,264.000000,-1245.000000,189.000000,-1417.000000,205.000000,-71.000000,-32.000000,22.000000,22.000000,22.000000,22.000000,22.000000,22.000000,22.000000,34.000000,34.000000,35.000000,36.000000,36.000000,36.000000,37.000000,1,1,1,1,1,1,1,0,0,0,0,0,0,0,75,5400.235840,967,0,1,0.844385,-0.052743,-0.272001,2.988000,-0.645000,0.000000,3
6.740020,-22.349001,-24.950001,-2.338000,53.578999,26.311001,26.643999,170.063995,0.000000,0.000000,0.000000,0.000000,0.000000,0.000000,0.000000,264.000000,-1245.000000,189.000000,-1417.000000,205.000000,-71.000000,-32.000000,22.000000,22.000000,22.000000,22.000000,22.000000,22.000000,22.000000,34.000000,34.000000,35.000000,36.000000,36.000000,36.000000,37.000000,1,1,1,1,1,1,1,0,0,0,0,0,0,0,75,5400.234863,968,0,1,0.844097,-0.055435,-0.272001,2.988000,-0.645000,0.000000,3
6.750148,-22.025000,-24.929001,-2.604000,53.633999,26.361000,26.597000,169.867996,0.000000,0.000000,0.000000,0.000000,0.000000,0.000000,0.000000,264.000000,-1245.000000,189.000000,-1417.000000,205.000000,-71.000000,-32.000000,22.000000,22.000000,22.000000,22.000000,22.000000,22.000000,22.000000,34.000000,34.000000,35.000000,36.000000,36.000000,36.000000,37.000000,1,1,1,1,1,1,1,0,0,0,0,0,0,0,75,5400.235840,968,0,1,0.843989,-0.056331,-0.272001,2.988000,-0.645000,0.000000,3
6.760179,-21.049000,-24.878000,-3.404000,53.812000,26.514000,26.448999,169.272003,0.000000,0.000000,0.000000,0.000000,0.000000,0.000000,0.000000,264.000000,-1245.000000,189.000000,-1417.000000,205.000000,-71.000000,-32.000000,22.000000,22.000000,22.000000,22.000000,22.000000,22.000000,22.000000,34.000000,34.000000,35.000000,36.000000,36.000000,36.000000,37.000000,1,1,1,1,1,1,1,0,0,0,0,0,0,0,75,5400.235840,968,0,1,0.843627,-0.059015,-0.272001,2.988000,-0.645000,0.000000,3
6.770082,-20.229000,-24.847000,-4.073000,53.976002,26.643999,26.318001,168.768997,0.000000,0.000000,0.000000,0.000000,0.000000,0.000000,0.000000,264.000000,-1245.000000,189.000000,-1417.000000,205.000000,-71.000000,-32.000000,22.000000,22.000000,22.000000,22.000000,22.000000,22.000000,22.000000,34.000000,34.000000,35.000000,36.000000,36.000000,36.000000,37.000000,1,1,1,1,1,1,1,0,0,0,0,0,0,0,75,5400.235840,967,0,1,0.843285,-0.061245,-0.272001,2.989000,-0.645000,0.000000,3
6.780069,-19.239000,-24.826000,-4.878000,54.191002,26.802999,26.153000,168.158997,0.000000,0.000000,0.000000,0.000000,0.000000,0.000000,0.000000,264.000000,-1245.000000,189.000000,-1417.000000,205.000000,-71.000000,-32.000000,22.000000,22.000000,22.000000,22.000000,22.000000,22.000000,22.000000,34.000000,34.000000,35.000000,36.000000,36.000000,36.000000,37.000000,1,1,1,1,1,1,1,0,0,0,0,0,0,0,75,5400.235840,967,0,1,0.842823,-0.063913,-0.272001,2.988000,-0.645000,0.000000,3
6.790036,-18.410000,-24.820000,-5.550000,54.384998,26.936001,26.009001,167.645996,0.000000,0.000000,0.000000,0.000000,0.000000,0.000000,0.000000,264.000000,-1245.000000,189.000000,-1417.000000,205.000000,-71.000000,-32.000000,22.000000,22.000000,22.000000,22.000000,22.000000,22.000000,22.000000,34.000000,34.000000,35.000000,36.000000,36.000000,36.000000,37.000000,1,1,1,1,1,1,1,0,0,0,0,0,0,0,75,5400.235840,968,0,1,0.842397,-0.066129,-0.272001,2.988000,-0.645000,0.000000,3
6.800172,-17.577999,-24.827000,-6.221000,54.591999,27.069000,25.858000,167.128006,0.000000,0.000000,0.000000,0.000000,0.000000,0.000000,0.000000,264.000000,-1245.000000,189.000000,-1417.000000,205.000000,-71.000000,-32.000000,22.000000,22.000000,22.000000,22.000000,22.000000,22.000000,22.000000,34.000000,34.000000,35.000000,36.000000,36.000000,36.000000,37.000000,1,1,1,1,1,1,1,0,0,0,0,0,0,0,75,5400.235840,967,0,1,0.841933,-0.068337,-0.272001,2.989000,-0.645000,0.000000,3
6.810139,-16.742001,-24.844000,-6.891000,54.813000,27.202000,25.701000,166.604996,0.000000,0.000000,0.000000,0.000000,0.000000,0.000000,0.000000,264.000000,-1245.000000,189.000000,-1417.000000,205.000000,-71.000000,-32.000000,22.000000,22.000000,22.000000,22.000000,22.000000,22.000000,22.000000,34.000000,34.000000,35.000000,36.000000,36.000000,36.000000,37.000000,1,1,1,1,1,1,1,0,0,0,0,0,0,0,75,5400.235840,967,0,1,0.841432,-0.070537,-0.272000,2.988000,-0.645000,0.000000,3
6.820074,-15.737000,-24.879999,-7.692000,55.095001,27.362000,25.504999,165.973007,0.000000,0.000000,0.000000,0.000000,0.000000,0.000000,0.000000,264.000000,-1245.000000,189.000000,-1417.000000,205.000000,-71.000000,-32.000000,22.000000,22.000000,22.000000,22.000000,22.000000,22.000000,22.000000,34.000000,34.000000,35.000000,36.000000,36.000000,36.000000,37.000000,1,1,1,1,1,1,1,0,0,0,0,0,0,0,75,5400.235840,967,0,1,0.840781,-0.073165,-0.272001,2.989000,-0.645000,0.000000,3
6.830128,-15.402000,-24.896000,-7.958000,55.193001,27.415001,25.437000,165.761002,0.000000,0.000000,0.000000,0.000000,0.000000,0.000000,0.000000,264.000000,-1245.000000,189.000000,-1417.000000,205.000000,-71.000000,-32.000000,22.000000,22.000000,22.000000,22.000000,22.000000,22.000000,22.000000,34.000000,34.000000,35.000000,36.000000,36.000000,36.000000,37.000000,1,1,1,1,1,1,1,0,0,0,0,0,0,0,75,5400.235840,968,0,1,0.840552,-0.074038,-0.272000,2.989000,-0.645000,0.000000,3
6.840110,-14.562000,-24.943001,-8.621000,55.446999,27.546000,25.264000,165.229996,0.000000,0.000000,0.000000,0.000000,0.000000,0.000000,0.000000,264.000000,-1245.000000,189.000000,-1417.000000,205.000000,-71.000000,-32.000000,22.000000,22.000000,22.000000,22.000000,22.000000,22.000000,22.000000,34.000000,34.000000,35.000000,36.000000,36.000000,36.000000,37.000000,1,1,1,1,1,1,1,0,0,0,0,0,0,0,75,5400.234863,967,0,1,0.839955,-0.076213,-0.272000,2.989000,-0.646000,0.000000,3
6.850082,-13.553000,-25.014999,-9.412000,55.769001,27.701000,25.049000,164.587997,0.000000,0.000000,0.000000,0.000000,0.000000,0.000000,0.000000,264.000000,-1245.000000,189.000000,-1417.000000,205.000000,-71.000000,-32.000000,22.000000,22.000000,22.000000,22.000000,22.000000,22.000000,22.000000,34.000000,34.000000,35.000000,36.000000,36.000000,36.000000,37.000000,1,1,1,1,1,1,1,0,0,0,0,0,0,0,75,5400.234863,968,0,1,0.839188,-0.078810,-0.272000,2.989000,-0.646000,0.000000,3
6.860090,-12.713000,-25.087000,-10.065000,56.050999,27.827000,24.862000,164.050003,0.000000,0.000000,0.000000,0.000000,0.000000,0.000000,0.000000,264.000000,-1245.000000,189.000000,-1417.000000,205.000000,-71.000000,-32.000000,22.000000,22.000000,22.000000,22.000000,22.000000,22.000000,22.000000,34.000000,34.000000,35.000000,36.000000,36.000000,36.000000,37.000000,1,1,1,1,1,1,1,0,0,0,0,0,0,0,75,5400.232910,969,0,1,0.838509,-0.080962,-0.271999,2.989000,-0.646000,0.000000,3
6.870174,-12.545000,-25.103001,-10.195000,56.109001,27.851999,24.823999,163.942001,0.000000,0.000000,0.000000,0.000000,0.000000,0.000000,0.000000,264.000000,-1245.000000,189.000000,-1417.000000,205.000000,-71.000000,-32.000000,22.000000,22.000000,22.000000,22.000000,22.000000,22.000000,22.000000,34.000000,34.000000,35.000000,36.000000,36.000000,36.000000,37.000000,1,1,1,1,1,1,1,0,0,0,0,0,0,0,75,5400.234863,968,0,1,0.838369,-0.081391,-0.271999,2.988000,-0.646000,0.000000,3
6.880057,-11.537000,-25.207001,-10.969000,56.466000,27.997999,24.590000,163.294006,0.000000,0.000000,0.000000,0.000000,0.000000,0.000000,0.000000,264.000000,-1245.000000,189.000000,-1417.000000,205.000000,-71.000000,-32.000000,22.000000,22.000000,22.000000,22.000000,22.000000,22.000000,22.000000,34.000000,34.000000,35.000000,36.000000,36.000000,36.000000,37.000000,1,1,1,1,1,1,1,0,0,0,0,0,0,0,75,5400.234863,967,0,1,0.837497,-0.083954,-0.271999,2.988000,-0.646000,0.000000,3
6.890079,-10.531000,-25.327999,-11.734000,56.840000,28.139000,24.347000,162.643005,0.000000,0.000000,0.000000,0.000000,0.000000,0.000000,0.000000,264.000000,-1245.000000,189.000000,-1417.000000,205.000000,-71.000000,-32.000000,22.000000,22.000000,22.000000,22.000000,22.000000,22.000000,22.000000,34.000000,34.000000,35.000000,36.000000,36.000000,36.000000,37.000000,1,1,1,1,1,1,1,0,0,0,0,0,0,0,75,5400.235840,967,0,1,0.836572,-0.086499,-0.271999,2.988000,-0.646000,0.000000,3
6.900171,-9.695000,-25.440001,-12.364000,57.165001,28.252001,24.138000,162.100006,0.000000,0.000000,0.000000,0.000000,0.000000,0.000000,0.000000,264.000000,-1245.000000,189.000000,-1417.000000,205.000000,-71.000000,-32.000000,22.000000,22.000000,22.000000,22.000000,22.000000,22.000000,22.000000,34.000000,34.000000,35.000000,36.000000,36.000000,36.000000,37.000000,1,1,1,1,1,1,1,0,0,0,0,0,0,0,75,5400.234863,968,0,1,0.835762,-0.088605,-0.271999,2.989000,-0.646000,0.000000,3
6.910094,-8.861000,-25.563999,-12.985000,57.501999,28.360001,23.923000,161.556000,0.000000,0.000000,0.000000,0.000000,0.000000,0.000000,0.000000,264.000000,-1245.000000,189.000000,-1417.000000,205.000000,-71.000000,-32.000000,22.000000,22.000000,22.000000,22.000000,22.000000,22.000000,22.000000,34.000000,34.000000,35.000000,36.000000,36.000000,36.000000,37.000000,1,1,1,1,1,1,1,0,0,0,0,0,0,0,75,5400.232910,967,0,1,0.834917,-0.090697,-0.272000,2.989000,-0.645000,0.000000,3
6.920153,-8.362000,-25.643999,-13.353000,57.709000,28.423000,23.791000,161.229004,0.000000,0.000000,0.000000,0.000000,0.000000,0.000000,0.000000,264.000000,-1245.000000,189.000000,-1417.000000,205.000000,-71.000000,-32.000000,22.000000,22.000000,22.000000,22.000000,22.000000,22.000000,22.000000,34.000000,34.000000,35.000000,36.000000,36.000000,36.000000,37.000000,1,1,1,1,1,1,1,0,0,0,0,0,0,0,75,5400.235840,968,0,1,0.834392,-0.091945,-0.271999,2.989000,-0.646000,0.000000,3
6.930119,-7.533000,-25.785000,-13.960000,58.063000,28.523001,23.566000,160.684998,0.000000,0.000000,0.000000,0.000000,0.000000,0.000000,0.000000,264.000000,-1245.000000,189.000000,-1417.000000,205.000000,-71.000000,-32.000000,22.000000,22.000000,22.000000,22.000000,22.000000,22.000000,22.000000,34.000000,34.000000,35.000000,36.000000,36.000000,36.000000,37.000000,1,1,1,1,1,1,1,0,0,0,0,0,0,0,75,5400.235840,967,0,1,0.833490,-0.094013,-0.271999,2.988000,-0.646000,0.000000,3
6.940177,-6.873000,-25.906000,-14.439000,58.355000,28.598000,23.382000,160.250000,0.000000,0.000000,0.000000,0.000000,0.000000,0.000000,0.000000,264.000000,-1245.000000,189.000000,-1417.000000,205.000000,-71.000000,-32.000000,22.000000,22.000000,22.000000,22.000000,22.000000,22.000000,22.000000,34.000000,34.000000,35.000000,36.000000,36.000000,36.000000,37.000000,1,1,1,1,1,1,1,0,0,0,0,0,0,0,75,5400.235840,968,0,1,0.832743,-0.095657,-0.271999,2.988000,-0.646000,0.000000,3
6.950083,-5.888000,-26.101000,-15.144000,58.804001,28.705000,23.099001,159.597000,0.000000,0.000000,0.000000,0.000000,0.000000,0.000000,0.000000,264.000000,-1245.000000,189.000000,-1417.000000,205.000000,-71.000000,-32.000000,22.000000,22.000000,22.000000,22.000000,22.000000,22.000000,22.000000,34.000000,34.000000,35.000000,36.000000,36.000000,36.000000,37.000000,1,1,1,1,1,1,1,0,0,0,0,0,0,0,75,5400.235840,968,0,1,0.831581,-0.098102,-0.272000,2.989000,-0.646000,0.000000,3
6.960080,-5.067000,-26.284000,-15.719000,59.210999,28.787001,22.844000,159.046997,0.000000,0.000000,0.000000,0.000000,0.000000,0.000000,0.000000,264.000000,-1245.000000,189.000000,-1417.000000,205.000000,-71.000000,-32.000000,22.000000,22.000000,22.000000,22.000000,22.000000,22.000000,22.000000,34.000000,34.000000,35.000000,36.000000,36.000000,36.000000,37.000000,1,1,1,1,1,1,1,0,0,0,0,0,0,0,75,5400.235840,968,0,1,0.830532,-0.100127,-0.271999,2.989000,-0.646000,0.000000,0
6.970123,-4.228000,-26.554001,-16.250999,59.791000,28.858000,22.489000,158.445999,0.000000,0.000000,0.000000,0.000000,0.000000,0.000000,0.000000,264.000000,-1245.000000,189.000000,-1417.000000,205.000000,-71.000000,-32.000000,22.000000,22.000000,22.000000,22.000000,22.000000,22.000000,22.000000,34.000000,34.000000,35.000000,36.000000,36.000000,36.000000,37.000000,1,1,1,1,1,1,1,0,0,0,0,0,0,0,75,5400.234863,967,0,1,0.829122,-0.102129,-0.272000,2.989000,-0.646000,0.000000,0
6.980264,-3.697000,-26.775000,-16.556000,60.257000,28.893999,22.205999,158.042007,0.000000,0.000000,0.000000,0.000000,0.000000,0.000000,0.000000,264.000000,-1245.000000,189.000000,-1417.000000,205.000000,-71.000000,-32.000000,22.000000,22.000000,22.000000,22.000000,22.000000,22.000000,22.000000,34.000000,34.000000,35.000000,36.000000,36.000000,36.000000,37.000000,1,1,1,1,1,1,1,0,0,0,0,0,0,0,75,5400.234863,967,0,1,0.828020,-0.103357,-0.271999,2.989000,-0.646000,0.000000,0
6.990117,-2.750000,-27.271000,-17.028999,61.293999,28.940001,21.580000,157.274994,0.000000,0.000000,0.000000,0.000000,0.000000,0.000000,0.000000,264.000000,-1245.000000,189.000000,-1417.000000,205.000000,-71.000000,-32.000000,22.000000,22.000000,22.000000,22.000000,22.000000,22.000000,22.000000,34.000000,34.000000,35.000000,36.000000,36.000000,36.000000,37.000000,1,1,1,1,1,1,1,0,0,0,0,0,0,0,75,5400.235840,967,0,1,0.825618,-0.105453,-0.271999,2.989000,-0.646000,0.000000,0
7.000206,-1.763000,-27.952000,-17.410000,62.702999,28.955999,20.732000,156.404999,0.000000,0.000000,0.000000,0.000000,0.000000,0.000000,0.000000,264.000000,-1245.000000,189.000000,-1417.000000,205.000000,-71.000000,-32.000000,22.000000,22.000000,22.000000,22.000000,22.000000,22.000000,22.000000,34.000000,34.000000,35.000000,36.000000,36.000000,36.000000,37.000000,1,1,1,1,1,1,1,0,0,0,0,0,0,0,75,5400.235840,967,0,1,0.822393,-0.107478,-0.271999,2.989000,-0.646000,0.000000,0
7.010173,-0.673000,-29.003000,-17.627001,64.873001,28.920000,19.424999,155.320007,0.000000,0.000000,0.000000,0.000000,0.000000,0.000000,0.000000,264.000000,-1245.000000,189.000000,-1417.000000,205.000000,-71.000000,-32.000000,22.000000,22.000000,22.000000,22.000000,22.000000,22.000000,22.000000,34.000000,34.000000,35.000000,36.000000,36.000000,36.000000,37.000000,1,1,1,1,1,1,1,0,0,0,0,0,0,0,75,5400.235840,967,0,1,0.817463,-0.109376,-0.271999,2.989000,-0.646000,0.000000,0
7.020109,-0.034000,-30.006001,-17.495001,66.959999,28.844000,18.167999,154.522003,0.000000,0.000000,0.000000,0.000000,0.000000,0.000000,0.000000,264.000000,-1245.000000,189.000000,-1417.000000,205.000000,-71.000000,-32.000000,22.000000,22.000000,22.000000,22.000000,22.000000,22.000000,22.000000,34.000000,34.000000,35.000000,36.000000,36.000000,36.000000,37.000000,1,1,1,1,1,1,1,0,0,0,0,0,0,0,75,5400.234863,968,0,1,0.812755,-0.109999,-0.271999,2.989000,-0.646000,0.000000,0
7.030122,0.413000,-31.004999,-17.209000,69.047997,28.750999,16.908001,153.852997,0.000000,0.000000,0.000000,0.000000,0.000000,0.000000,0.000000,264.000000,-1245.000000,189.000000,-1417.000000,205.000000,-71.000000,-32.000000,22.000000,22.000000,22.000000,22.000000,22.000000,22.000000,22.000000,34.000000,34.000000,35.000000,36.000000,36.000000,36.000000,37.000000,1,1,1,1,1,1,1,0,0,0,0,0,0,0,75,5400.235840,968,0,1,0.807998,-0.110000,-0.271999,2.989000,-0.645000,0.000000,1
7.040132,0.695000,-31.594000,-17.054001,70.276001,28.691000,16.165001,153.466003,0.000000,0.000000,0.000000,0.000000,0.000000,0.000000,0.000000,264.000000,-1245.000000,189.000000,-1417.000000,205.000000,-71.000000,-32.000000,22.000000,22.000000,22.000000,22.000000,22.000000,22.000000,22.000000,34.000000,34.000000,35.000000,36.000000,36.000000,36.000000,37.000000,1,1,1,1,1,1,1,0,0,0,0,0,0,0,75,5400.234863,967,0,1,0.805133,-0.109999,-0.272000,2.989000,-0.645000,0.000000,1
7.050368,1.081000,-32.369999,-16.867001,71.885002,28.605000,15.191000,152.966995,0.000000,0.000000,0.000000,0.000000,0.000000,0.000000,0.000000,264.000000,-1245.000000,189.000000,-1417.000000,205.000000,-71.000000,-32.000000,22.000000,22.000000,22.000000,22.000000,22.000000,22.000000,22.000000,34.000000,34.000000,35.000000,36.000000,36.000000,36.000000,37.000000,1,1,1,1,1,1,1,0,0,0,0,0,0,0,75,5400.234863,968,0,1,0.801292,-0.110000,-0.271999,2.989000,-0.645000,0.000000,1
7.061161,1.682000,-33.515999,-16.624001,74.245003,28.461000,13.770000,152.251007,0.000000,0.000000,0.000000,0.000000,0.000000,0.000000,0.000000,264.000000,-1245.000000,189.000000,-1417.000000,205.000000,-71.000000,-32.000000,22.000000,22.000000,22.000000,22.000000,22.000000,22.000000,22.000000,34.000000,34.000000,35.000000,36.000000,36.000000,36.000000,37.000000,1,1,1,1,1,1,1,0,0,0,0,0,0,0,75,5400.235840,968,0,1,0.795459,-0.109999,-0.272000,2.989000,-0.645000,0.000000,1
7.071159,2.194000,-34.459999,-16.452999,76.167000,28.327000,12.629000,151.688004,0.000000,0.000000,0.000000,0.000000,0.000000,0.000000,0.000000,264.000000,-1245.000000,189.000000,-1417.000000,205.000000,-71.000000,-32.000000,22.000000,22.000000,22.000000,22.000000,22.000000,22.000000,22.000000,34.000000,34.000000,35.000000,36.000000,36.000000,36.000000,37.000000,1,1,1,1,1,1,1,0,0,0,0,0,0,0,75,5400.235840,967,0,1,0.790509,-0.110000,-0.271999,2.989000,-0.644000,0.000000,1
7.081312,2.712000,-35.396000,-16.309999,78.053001,28.180000,11.532000,151.153000,0.000000,0.000000,0.000000,0.000000,0.000000,0.000000,0.000000,264.000000,-1245.000000,189.000000,-1417.000000,205.000000,-71.000000,-32.000000,22.000000,22.000000,22.000000,22.000000,22.000000,22.000000,22.000000,34.000000,34.000000,35.000000,36.000000,36.000000,36.000000,37.000000,1,1,1,1,1,1,1,0,0,0,0,0,0,0,75,5400.235840,967,0,1,0.785455,-0.110000,-0.272000,2.989000,-0.643000,0.000000,1
7.091099,3.334000,-36.514999,-16.171000,80.272003,27.986000,10.283000,150.550995,0.000000,0.000000,0.000000,0.000000,0.000000,0.000000,0.000000,264.000000,-1245.000000,189.000000,-1417.000000,205.000000,-71.000000,-32.000000,22.000000,22.000000,22.000000,22.000000,22.000000,22.000000,22.000000,34.000000,34.000000,35.000000,36.000000,36.000000,36.000000,37.000000,1,1,1,1,1,1,1,0,0,0,0,0,0,0,75,5400.234863,968,0,1,0.779228,-0.109999,-0.272000,2.989000,-0.642000,0.000000,1
7.101114,3.844000,-37.445000,-16.082001,82.084999,27.809999,9.306000,150.082001,0.000000,0.000000,0.000000,0.000000,0.000000,0.000000,0.000000,264.000000,-1245.000000,189.000000,-1417.000000,205.000000,-71.000000,-32.000000,22.000000,22.000000,22.000000,22.000000,22.000000,22.000000,22.000000,34.000000,34.000000,35.000000,36.000000,36.000000,36.000000,37.000000,1,1,1,1,1,1,1,0,0,0,0,0,0,0,75,5400.234863,968,0,1,0.773884,-0.110000,-0.271999,2.990000,-0.640000,0.000000,1
7.111225,3.945000,-37.631001,-16.066999,82.444000,27.773001,9.118000,149.990997,0.000000,0.000000,0.000000,0.000000,0.000000,0.000000,0.000000,264.000000,-1245.000000,189.000000,-1417.000000,205.000000,-71.000000,-32.000000,22.000000,22.000000,22.000000,22.000000,22.000000,22.000000,22.000000,34.000000,34.000000,35.000000,36.000000,36.000000,36.000000,37.000000,1,1,1,1,1,1,1,0,0,0,0,0,0,0,75,5400.235840,968,0,1,0.772796,-0.109999,-0.272000,2.990000,-0.639000,0.000000,1
7.121181,4.536000,-38.748001,-15.997000,84.572998,27.546000,8.048000,149.473007,0.000000,0.000000,0.000000,0.000000,0.000000,0.000000,0.000000,264.000000,-1245.000000,189.000000,-1417.000000,205.000000,-71.000000,-32.000000,22.000000,22.000000,22.000000,22.000000,22.000000,22.000000,22.000000,34.000000,34.000000,35.000000,36.000000,36.000000,36.000000,37.000000,1,1,1,1,1,1,1,0,0,0,0,0,0,0,75,5400.235840,967,0,1,0.766135,-0.110000,-0.271999,2.991000,-0.636000,0.000000,1
7.131110,5.007000,-39.681999,-15.964000,86.311996,27.344999,7.237000,149.072006,0.000000,0.000000,0.000000,0.000000,0.000000,0.000000,0.000000,264.000000,-1245.000000,189.000000,-1417.000000,205.000000,-71.000000,-32.000000,22.000000,22.000000,22.000000,22.000000,22.000000,22.000000,22.000000,34.000000,34.000000,35.000000,36.000000,36.000000,36.000000,37.000000,1,1,1,1,1,1,1,0,0,0,0,0,0,0,75,5400.234863,968,0,1,0.760396,-0.110000,-0.271999,2.991000,-0.633000,0.000000,1
7.141169,5.453000,-40.618999,-15.954000,88.018997,27.138000,6.507000,148.697998,0.000000,0.000000,0.000000,0.000000,0.000000,0.000000,0.000000,264.000000,-1245.000000,189.000000,-1417.000000,205.000000,-71.000000,-32.000000,22.000000,22.000000,22.000000,22.000000,22.000000,22.000000,22.000000,34.000000,34.000000,35.000000,36.000000,36.000000,36.000000,37.000000,1,1,1,1,1,1,1,0,0,0,0,0,0,0,75,5400.234863,967,0,1,0.754477,-0.110000,-0.271999,2.992000,-0.630000,-0.001000,1
7.151172,5.868000,-41.560001,-15.966000,89.692001,26.924999,5.864000,148.350006,0.000000,0.000000,0.000000,0.000000,0.000000,0.000000,0.000000,264.000000,-1245.000000,189.000000,-1417.000000,205.000000,-71.000000,-32.000000,22.000000,22.000000,22.000000,22.000000,22.000000,22.000000,22.000000,34.000000,34.000000,35.000000,36.000000,36.000000,36.000000,37.000000,1,1,1,1,1,1,1,0,0,0,0,0,0,0,75,5400.234863,968,0,1,0.748373,-0.110000,-0.271999,2.993000,-0.625000,-0.001000,1
7.161251,6.249000,-42.505001,-16.000000,91.329002,26.707001,5.315000,148.024994,0.000000,0.000000,0.000000,0.000000,0.000000,0.000000,0.000000,264.000000,-1245.000000,189.000000,-1417.000000,205.000000,-71.000000,-32.000000,22.000000,22.000000,22.000000,22.000000,22.000000,22.000000,22.000000,34.000000,34.000000,35.000000,36.000000,36.000000,36.000000,37.000000,1,1,1,1,1,1,1,0,0,0,0,0,0,0,75,5400.235840,968,0,1,0.742082,-0.110000,-0.271999,2.995000,-0.620000,-0.001000,1
7.171163,6.656000,-43.644001,-16.070000,93.241997,26.451000,4.787000,147.658997,0.000000,0.000000,0.000000,0.000000,0.000000,0.000000,0.000000,264.000000,-1245.000000,189.000000,-1417.000000,205.000000,-71.000000,-32.000000,22.000000,22.000000,22.000000,22.000000,22.000000,22.000000,22.000000,34.000000,34.000000,35.000000,36.000000,36.000000,36.000000,37.000000,1,1,1,1,1,1,1,0,0,0,0,0,0,0,75,5400.234863,967,0,1,0.734288,-0.109997,-0.272000,2.996000,-0.613000,-0.002000,1
7.181089,6.718000,-43.834000,-16.084999,93.555000,26.410000,4.714000,147.598007,0.000000,0.000000,0.000000,0.000000,0.000000,0.000000,0.000000,264.000000,-1245.000000,189.000000,-1417.000000,205.000000,-71.000000,-32.000000,22.000000,22.000000,22.000000,22.000000,22.000000,22.000000,22.000000,34.000000,34.000000,35.000000,36.000000,36.000000,36.000000,37.000000,1,1,1,1,1,1,1,0,0,0,0,0,0,0,75,5400.235840,967,0,1,0.732964,-0.109997,-0.272000,2.997000,-0.612000,-0.002000,1
7.191153,7.054000,-44.974998,-16.193001,95.392998,26.169001,4.366000,147.250000,0.000000,0.000000,0.000000,0.000000,0.000000,0.000000,0.000000,264.000000,-1245.000000,189.000000,-1417.000000,205.000000,-71.000000,-32.000000,22.000000,22.000000,22.000000,22.000000,22.000000,22.000000,22.000000,34.000000,34.000000,35.000000,36.000000,36.000000,36.000000,37.000000,1,1,1,1,1,1,1,0,0,0,0,0,0,0,75,5400.235840,968,0,1,0.724871,-0.109997,-0.272000,2.998000,-0.603000,-0.002000,1
7.201200,7.152000,-45.355999,-16.237000,95.990997,26.089001,4.286000,147.139999,0.000000,0.000000,0.000000,0.000000,0.000000,0.000000,0.000000,264.000000,-1245.000000,189.000000,-1417.000000,205.000000,-71.000000,-32.000000,22.000000,22.000000,22.000000,22.000000,22.000000,22.000000,22.000000,34.000000,34.000000,35.000000,36.000000,36.000000,36.000000,37.000000,1,1,1,1,1,1,1,0,0,0,0,0,0,0,75,5400.234863,967,0,1,0.722118,-0.109997,-0.272000,2.999000,-0.600000,-0.003000,1
7.211140,7.402000,-46.495998,-16.389000,97.733002,25.853001,4.155000,146.820999,0.000000,0.000000,0.000000,0.000000,0.000000,0.000000,0.000000,264.000000,-1245.000000,189.000000,-1417.000000,205.000000,-71.000000,-32.000000,22.000000,22.000000,22.000000,22.000000,22.000000,22.000000,22.000000,34.000000,34.000000,35.000000,36.000000,36.000000,36.000000,37.000000,1,1,1,1,1,1,1,0,0,0,0,0,0,0,75,5400.235840,968,0,1,0.713706,-0.109997,-0.272000,3.001000,-0.590000,-0.003000,1
7.221112,7.471000,-46.875000,-16.448000,98.294998,25.775999,4.149000,146.718994,0.000000,0.000000,0.000000,0.000000,0.000000,0.000000,0.000000,264.000000,-1245.000000,189.000000,-1417.000000,205.000000,-71.000000,-32.000000,22.000000,22.000000,22.000000,22.000000,22.000000,22.000000,22.000000,34.000000,34.000000,35.000000,36.000000,36.000000,36.000000,37.000000,1,1,1,1,1,1,1,0,0,0,0,0,0,0,75,5400.235840,968,0,1,0.710854,-0.109997,-0.272000,3.002000,-0.587000,-0.003000,1
7.231054,7.631000,-48.006001,-16.646000,99.926003,25.547001,4.246000,146.425995,0.000000,0.000000,0.000000,0.000000,0.000000,0.000000,0.000000,264.000000,-1245.000000,189.000000,-1417.000000,205.000000,-71.000000,-32.000000,22.000000,22.000000,22.000000,22.000000,22.000000,22.000000,22.000000,34.000000,34.000000,35.000000,36.000000,36.000000,36.000000,37.000000,1,1,1,1,1,1,1,0,0,0,0,0,0,0,75,5400.235840,969,0,1,0.702163,-0.109997,-0.272000,3.005000,-0.576000,-0.004000,1
7.241184,7.714000,-48.939999,-16.837000,101.213997,25.360001,4.460000,146.194000,0.000000,0.000000,0.000000,0.000000,0.000000,0.000000,0.000000,264.000000,-1245.000000,189.000000,-1417.000000,205.000000,-71.000000,-32.000000,22.000000,22.000000,22.000000,22.000000,22.000000,22.000000,22.000000,34.000000,34.000000,35.000000,36.000000,36.000000,36.000000,37.000000,1,1,1,1,1,1,1,0,0,0,0,0,0,0,75,5400.235840,967,0,1,0.694785,-0.109997,-0.272000,3.007000,-0.565000,-0.005000,1
7.251080,7.750000,-49.860001,-17.052999,102.431999,25.174999,4.797000,145.972000,0.000000,0.000000,0.000000,0.000000,0.000000,0.000000,0.000000,264.000000,-1245.000000,189.000000,-1417.000000,205.000000,-71.000000,-32.000000,22.000000,22.000000,22.000000,22.000000,22.000000,22.000000,22.000000,34.000000,34.000000,35.000000,36.000000,36.000000,36.000000,37.000000,1,1,1,1,1,1,1,0,0,0,0,0,0,0,75,5400.235840,968,0,1,0.687304,-0.109997,-0.272000,3.010000,-0.554000,-0.005000,1
7.261171,7.750000,-50.404999,-17.194000,103.127998,25.066000,5.057000,145.843994,0.000000,0.000000,0.000000,0.000000,0.000000,0.000000,0.000000,264.000000,-1245.000000,189.000000,-1417.000000,205.000000,-71.000000,-32.000000,22.000000,22.000000,22.000000,22.000000,22.000000,22.000000,22.000000,34.000000,34.000000,35.000000,36.000000,36.000000,36.000000,37.000000,1,1,1,1,1,1,1,0,0,0,0,0,0,0,75,5400.237793,967,0,1,0.682774,-0.109997,-0.272000,3.011000,-0.547000,-0.006000,1
7.271131,7.741000,-50.764000,-17.292999,103.575996,24.988001,5.254000,145.764999,0.000000,0.000000,0.000000,0.000000,0.000000,0.000000,0.000000,264.000000,-1245.000000,189.000000,-1417.000000,205.000000,-71.000000,-32.000000,22.000000,22.000000,22.000000,22.000000,22.000000,22.000000,22.000000,34.000000,34.000000,35.000000,36.000000,36.000000,36.000000,37.000000,1,1,1,1,1,1,1,0,0,0,0,0,0,0,75,5400.237793,968,0,1,0.679742,-0.110000,-0.271999,3.012000,-0.542000,-0.006000,1
7.281128,7.675000,-51.820000,-17.613001,104.845001,24.756001,5.960000,145.535995,0.000000,0.000000,0.000000,0.000000,0.000000,0.000000,0.000000,264.000000,-1245.000000,189.000000,-1417.000000,205.000000,-71.000000,-32.000000,22.000000,22.000000,22.000000,22.000000,22.000000,22.000000,22.000000,34.000000,34.000000,35.000000,36.000000,36.000000,36.000000,37.000000,1,1,1,1,1,1,1,0,0,0,0,0,0,0,75,5400.234863,967,0,1,0.670586,-0.110000,-0.271999,3.015000,-0.527000,-0.006000,1
7.291259,7.575000,-52.669998,-17.906000,105.810997,24.563000,6.676000,145.354004,0.000000,0.000000,0.000000,0.000000,0.000000,0.000000,0.000000,264.000000,-1245.000000,189.000000,-1417.000000,205.000000,-71.000000,-32.000000,22.000000,22.000000,22.000000,22.000000,22.000000,22.000000,22.000000,34.000000,34.000000,35.000000,36.000000,36.000000,36.000000,37.000000,1,1,1,1,1,1,1,0,0,0,0,0,0,0,75,5400.235840,968,0,1,0.662919,-0.110000,-0.271999,3.018000,-0.514000,-0.007000,1
7.301133,7.406000,-53.648998,-18.287001,106.857002,24.327999,7.681000,145.145996,0.000000,0.000000,0.000000,0.000000,0.000000,0.000000,0.000000,264.000000,-1245.000000,189.000000,-1417.000000,205.000000,-71.000000,-32.000000,22.000000,22.000000,22.000000,22.000000,22.000000,22.000000,22.000000,34.000000,34.000000,35.000000,36.000000,36.000000,36.000000,37.000000,1,1,1,1,1,1,1,0,0,0,0,0,0,0,75,5400.234863,968,0,1,0.653706,-0.109999,-0.272000,3.022000,-0.497000,-0.008000,1
7.311113,7.230000,-54.425999,-18.629000,107.635002,24.127001,8.631000,144.981995,0.000000,0.000000,0.000000,0.000000,0.000000,0.000000,0.000000,264.000000,-1245.000000,189.000000,-1417.000000,205.000000,-71.000000,-32.000000,22.000000,22.000000,22.000000,22.000000,22.000000,22.000000,22.000000,34.000000,34.000000,35.000000,36.000000,36.000000,36.000000,37.000000,1,1,1,1,1,1,1,0,0,0,0,0,0,0,75,5400.235840,968,0,1,0.646037,-0.110000,-0.271999,3.025000,-0.482000,-0.008000,1
7.321116,7.026000,-55.162998,-18.990999,108.327003,23.919001,9.673000,144.828003,0.000000,0.000000,0.000000,0.000000,0.000000,0.000000,0.000000,264.000000,-1245.000000,189.000000,-1417.000000,205.000000,-71.000000,-32.000000,22.000000,22.000000,22.000000,22.000000,22.000000,22.000000,22.000000,34.000000,34.000000,35.000000,36.000000,36.000000,36.000000,37.000000,1,1,1,1,1,1,1,0,0,0,0,0,0,0,75,5400.235840,968,0,1,0.638392,-0.110000,-0.271999,3.028000,-0.467000,-0.008000,1
7.331206,7.026000,-55.162998,-18.990999,108.327003,23.919001,9.673000,144.828003,0.000000,0.000000,0.000000,0.000000,0.000000,0.000000,0.000000,264.000000,-1245.000000,189.000000,-1417.000000,205.000000,-71.000000,-32.000000,22.000000,22.000000,22.000000,22.000000,22.000000,22.000000,22.000000,34.000000,34.000000,35.000000,36.000000,36.000000,36.000000,37.000000,1,1,1,1,1,1,1,0,0,0,0,0,0,0,75,5400.237793,967,0,1,0.638392,-0.110000,-0.271999,3.028000,-0.467000,-0.008000,1
7.341153,6.893000,-55.585999,-19.218000,108.703003,23.791000,10.339000,144.738998,0.000000,0.000000,0.000000,0.000000,0.000000,0.000000,0.000000,264.000000,-1245.000000,189.000000,-1417.000000,205.000000,-71.000000,-32.000000,22.000000,22.000000,22.000000,22.000000,22.000000,22.000000,22.000000,34.000000,34.000000,35.000000,36.000000,36.000000,36.000000,37.000000,1,1,1,1,1,1,1,0,0,0,0,0,0,0,75,5400.234863,968,0,1,0.633822,-0.110000,-0.271999,3.030000,-0.457000,-0.009000,1
7.351129,6.607000,-56.383999,-19.688999,109.367996,23.521999,11.749000,144.570999,0.000000,0.000000,0.000000,0.000000,0.000000,0.000000,0.000000,264.000000,-1245.000000,189.000000,-1417.000000,205.000000,-71.000000,-32.000000,22.000000,22.000000,22.000000,22.000000,22.000000,22.000000,22.000000,34.000000,34.000000,35.000000,36.000000,36.000000,36.000000,37.000000,1,1,1,1,1,1,1,0,0,0,0,0,0,0,75,5400.235840,967,0,1,0.624735,-0.110000,-0.271999,3.034000,-0.438000,-0.009000,1
7.361122,6.354000,-56.999001,-20.098000,109.836998,23.285999,12.995000,144.442001,0.000000,0.000000,0.000000,0.000000,0.000000,0.000000,0.000000,264.000000,-1245.000000,189.000000,-1417.000000,205.000000,-71.000000,-32.000000,22.000000,22.000000,22.000000,22.000000,22.000000,22.000000,22.000000,34.000000,34.000000,35.000000,36.000000,36.000000,36.000000,37.000000,1,1,1,1,1,1,1,0,0,0,0,0,0,0,75,5400.235840,968,0,1,0.617231,-0.110000,-0.271999,3.037000,-0.422000,-0.009000,1
7.371082,6.093000,-57.567001,-20.518000,110.233002,23.039000,14.291000,144.320007,0.000000,0.000000,0.000000,0.000000,0.000000,0.000000,0.000000,264.000000,-1245.000000,189.000000,-1417.000000,205.000000,-71.000000,-32.000000,22.000000,22.000000,22.000000,22.000000,22.000000,22.000000,22.000000,34.000000,34.000000,35.000000,36.000000,36.000000,36.000000,37.000000,1,1,1,1,1,1,1,0,0,0,0,0,0,0,75,5400.235840,968,0,1,0.609804,-0.110000,-0.272000,3.041000,-0.405000,-0.009000,1
7.381225,5.829000,-58.085999,-20.948000,110.558998,22.780001,15.627000,144.207993,0.000000,0.000000,0.000000,0.000000,0.000000,0.000000,0.000000,264.000000,-1245.000000,189.000000,-1417.000000,205.000000,-71.000000,-32.000000,22.000000,22.000000,22.000000,22.000000,22.000000,22.000000,22.000000,34.000000,34.000000,35.000000,36.000000,36.000000,36.000000,37.000000,1,1,1,1,1,1,1,0,0,0,0,0,0,0,75,5400.232910,968,0,1,0.602467,-0.110000,-0.272000,3.044000,-0.388000,-0.010000,1
7.391124,5.671000,-58.374001,-21.209000,110.723999,22.618999,16.443001,144.143997,0.000000,0.000000,0.000000,0.000000,0.000000,0.000000,0.000000,264.000000,-1245.000000,189.000000,-1417.000000,205.000000,-71.000000,-32.000000,22.000000,22.000000,22.000000,22.000000,22.000000,22.000000,22.000000,34.000000,34.000000,35.000000,36.000000,36.000000,36.000000,37.000000,1,1,1,1,1,1,1,0,0,0,0,0,0,0,75,5400.235840,967,0,1,0.598114,-0.109999,-0.272000,3.046000,-0.377000,-0.010000,1
7.401145,5.618000,-58.466000,-21.297001,110.774002,22.563999,16.716999,144.123001,0.000000,0.000000,0.000000,0.000000,0.000000,0.000000,0.000000,264.000000,-1245.000000,189.000000,-1417.000000,205.000000,-71.000000,-32.000000,22.000000,22.000000,22.000000,22.000000,22.000000,22.000000,22.000000,34.000000,34.000000,35.000000,36.000000,36.000000,36.000000,37.000000,1,1,1,1,1,1,1,0,0,0,0,0,0,0,75,5400.235840,967,0,1,0.596671,-0.110000,-0.272000,3.047000,-0.374000,-0.010000,1
7.411041,5.308000,-58.977001,-21.823999,111.026001,22.228001,18.371000,144.005005,0.000000,0.000000,0.000000,0.000000,0.000000,0.000000,0.000000,264.000000,-1245.000000,189.000000,-1417.000000,205.000000,-71.000000,-32.000000,22.000000,22.000000,22.000000,22.000000,22.000000,22.000000,22.000000,34.000000,34.000000,35.000000,36.000000,36.000000,36.000000,37.000000,1,1,1,1,1,1,1,0,0,0,0,0,0,0,75,5400.235840,967,0,1,0.588116,-0.109999,-0.272000,3.051000,-0.353000,-0.010000,1
7.421033,5.058000,-59.351002,-22.264000,111.178001,21.938000,19.756001,143.914001,0.000000,0.000000,0.000000,0.000000,0.000000,0.000000,0.000000,264.000000,-1245.000000,189.000000,-1417.000000,205.000000,-71.000000,-32.000000,22.000000,22.000000,22.000000,22.000000,22.000000,22.000000,22.000000,34.000000,34.000000,35.000000,36.000000,36.000000,36.000000,37.000000,1,1,1,1,1,1,1,0,0,0,0,0,0,0,75,5400.235840,967,0,1,0.581126,-0.110000,-0.272000,3.054000,-0.335000,-0.010000,1
7.431133,4.820000,-59.679001,-22.701000,111.281998,21.641001,21.136999,143.828003,0.000000,0.000000,0.000000,0.000000,0.000000,0.000000,0.000000,264.000000,-1245.000000,189.000000,-1417.000000,205.000000,-71.000000,-32.000000,22.000000,22.000000,22.000000,22.000000,22.000000,22.000000,22.000000,34.000000,34.000000,35.000000,36.000000,36.000000,36.000000,37.000000,1,1,1,1,1,1,1,0,0,0,0,0,0,0,75,5400.235840,968,0,1,0.574276,-0.110000,-0.271999,3.058000,-0.318000,-0.010000,1
7.441042,4.552000,-60.014000,-23.219999,111.353996,21.275999,22.773001,143.731995,0.000000,0.000000,0.000000,0.000000,0.000000,0.000000,0.000000,264.000000,-1245.000000,189.000000,-1417.000000,205.000000,-71.000000,-32.000000,22.000000,22.000000,22.000000,22.000000,22.000000,22.000000,22.000000,34.000000,34.000000,35.000000,36.000000,36.000000,36.000000,37.000000,1,1,1,1,1,1,1,0,0,0,0,0,0,0,75,5400.234863,967,0,1,0.566253,-0.110000,-0.272000,3.062000,-0.297000,-0.009000,1
7.451074,4.346000,-60.247002,-23.643999,111.375999,20.969000,24.110001,143.654999,0.000000,0.000000,0.000000,0.000000,0.000000,0.000000,0.000000,264.000000,-1245.000000,189.000000,-1417.000000,205.000000,-71.000000,-32.000000,22.000000,22.000000,22.000000,22.000000,22.000000,22.000000,22.000000,34.000000,34.000000,35.000000,36.000000,36.000000,36.000000,37.000000,1,1,1,1,1,1,1,0,0,0,0,0,0,0,75,5400.234863,968,0,1,0.559745,-0.109999,-0.272000,3.065000,-0.280000,-0.009000,1
7.461054,4.231000,-60.368000,-23.893999,111.375999,20.783001,24.896999,143.610992,0.000000,0.000000,0.000000,0.000000,0.000000,0.000000,0.000000,264.000000,-1245.000000,189.000000,-1417.000000,205.000000,-71.000000,-32.000000,22.000000,22.000000,22.000000,22.000000,22.000000,22.000000,22.000000,34.000000,34.000000,35.000000,36.000000,36.000000,36.000000,37.000000,1,1,1,1,1,1,1,0,0,0,0,0,0,0,75,5400.232910,968,0,1,0.555922,-0.109999,-0.272000,3.067000,-0.269000,-0.009000,1
7.471104,4.018000,-60.571999,-24.382000,111.349998,20.413000,26.430000,143.524002,0.000000,0.000000,0.000000,0.000000,0.000000,0.000000,0.000000,264.000000,-1245.000000,189.000000,-1417.000000,205.000000,-71.000000,-32.000000,22.000000,22.000000,22.000000,22.000000,22.000000,22.000000,22.000000,34.000000,34.000000,35.000000,36.000000,36.000000,36.000000,37.000000,1,1,1,1,1,1,1,0,0,0,0,0,0,0,75,5400.234863,968,0,1,0.548466,-0.109999,-0.272000,3.071000,-0.249000,-0.009000,1
7.481048,3.859000,-60.706001,-24.775000,111.308998,20.108000,27.660000,143.453003,0.000000,0.000000,0.000000,0.000000,0.000000,0.000000,0.000000,264.000000,-1245.000000,189.000000,-1417.000000,205.000000,-71.000000,-32.000000,22.000000,22.000000,22.000000,22.000000,22.000000,22.000000,22.000000,34.000000,34.000000,35.000000,36.000000,36.000000,36.000000,37.000000,1,1,1,1,1,1,1,0,0,0,0,0,0,0,75,5400.234863,968,0,1,0.542456,-0.110000,-0.272000,3.074000,-0.233000,-0.008000,1
7.491097,3.692000,-60.830002,-25.229000,111.245003,19.747000,29.069000,143.369003,0.000000,0.000000,0.000000,0.000000,0.000000,0.000000,0.000000,264.000000,-1245.000000,189.000000,-1417.000000,205.000000,-71.000000,-32.000000,22.000000,22.000000,22.000000,22.000000,22.000000,22.000000,22.000000,34.000000,34.000000,35.000000,36.000000,36.000000,36.000000,37.000000,1,1,1,1,1,1,1,0,0,0,0,0,0,0,75,5400.235840,967,0,1,0.535497,-0.109999,-0.271999,3.077000,-0.214000,-0.008000,1
7.501139,3.571000,-60.905998,-25.591999,111.184998,19.452999,30.181999,143.298004,0.000000,0.000000,0.000000,0.000000,0.000000,0.000000,0.000000,264.000000,-1245.000000,189.000000,-1417.000000,205.000000,-71.000000,-32.000000,22.000000,22.000000,22.000000,22.000000,22.000000,22.000000,22.000000,34.000000,34.000000,35.000000,36.000000,36.000000,36.000000,37.000000,1,1,1,1,1,1,1,0,0,0,0,0,0,0,75,5400.235840,968,0,1,0.529916,-0.110000,-0.272000,3.080000,-0.198000,-0.007000,1
7.511234,3.505000,-60.942001,-25.802000,111.148003,19.280001,30.823000,143.255005,0.000000,0.000000,0.000000,0.000000,0.000000,0.000000,0.000000,264.000000,-1245.000000,189.000000,-1417.000000,205.000000,-71.000000,-32.000000,22.000000,22.000000,22.000000,22.000000,22.000000,22.000000,22.000000,34.000000,34.000000,35.000000,36.000000,36.000000,36.000000,37.000000,1,1,1,1,1,1,1,0,0,0,0,0,0,0,75,5400.234863,968,0,1,0.526664,-0.109999,-0.272000,3.082000,-0.189000,-0.007000,1
7.521105,3.409000,-60.987000,-26.139999,111.088997,19.000000,31.841000,143.182007,0.000000,0.000000,0.000000,0.000000,0.000000,0.000000,0.000000,264.000000,-1245.000000,189.000000,-1417.000000,205.000000,-71.000000,-32.000000,22.000000,22.000000,22.000000,22.000000,22.000000,22.000000,22.000000,34.000000,34.000000,35.000000,36.000000,36.000000,36.000000,37.000000,1,1,1,1,1,1,1,0,0,0,0,0,0,0,75,5400.235840,968,0,1,0.521409,-0.109999,-0.272000,3.085000,-0.175000,-0.007000,1
7.531022,3.326000,-61.020000,-26.462000,111.036003,18.730000,32.796001,143.106995,0.000000,0.000000,0.000000,0.000000,0.000000,0.000000,0.000000,264.000000,-1245.000000,189.000000,-1417.000000,205.000000,-71.000000,-32.000000,22.000000,22.000000,22.000000,22.000000,22.000000,22.000000,22.000000,34.000000,34.000000,35.000000,36.000000,36.000000,36.000000,37.000000,1,1,1,1,1,1,1,0,0,0,0,0,0,0,75,5400.235840,968,0,1,0.516363,-0.109999,-0.271999,3.087000,-0.161000,-0.006000,1
7.541020,3.256000,-61.042000,-26.768999,110.992996,18.472000,33.686001,143.029007,0.000000,0.000000,0.000000,0.000000,0.000000,0.000000,0.000000,264.000000,-1245.000000,189.000000,-1417.000000,205.000000,-71.000000,-32.000000,22.000000,22.000000,22.000000,22.000000,22.000000,22.000000,22.000000,34.000000,34.000000,35.000000,36.000000,36.000000,36.000000,37.000000,1,1,1,1,1,1,1,0,0,0,0,0,0,0,75,5400.235840,967,0,1,0.511527,-0.110000,-0.271999,3.090000,-0.147000,-0.006000,1
7.550995,3.197000,-61.056999,-27.059999,110.962997,18.225000,34.508999,142.949005,0.000000,0.000000,0.000000,0.000000,0.000000,0.000000,0.000000,264.000000,-1245.000000,189.000000,-1417.000000,205.000000,-71.000000,-32.000000,22.000000,22.000000,22.000000,22.000000,22.000000,22.000000,22.000000,34.000000,34.000000,35.000000,36.000000,36.000000,36.000000,37.000000,1,1,1,1,1,1,1,0,0,0,0,0,0,0,75,5400.234863,968,0,1,0.506902,-0.109999,-0.272000,3.092000,-0.135000,-0.005000,1
7.560992,3.140000,-61.071999,-27.389000,110.949997,17.945999,35.408001,142.847000,0.000000,0.000000,0.000000,0.000000,0.000000,0.000000,0.000000,264.000000,-1245.000000,189.000000,-1417.000000,205.000000,-71.000000,-32.000000,22.000000,22.000000,22.000000,22.000000,22.000000,22.000000,22.000000,34.000000,34.000000,35.000000,36.000000,36.000000,36.000000,37.000000,1,1,1,1,1,1,1,0,0,0,0,0,0,0,75,5400.235840,968,0,1,0.501632,-0.110000,-0.272000,3.095000,-0.120000,-0.004000,1
7.571053,3.124000,-61.077000,-27.493999,110.952003,17.858000,35.686001,142.813004,0.000000,0.000000,0.000000,0.000000,0.000000,0.000000,0.000000,264.000000,-1245.000000,189.000000,-1417.000000,205.000000,-71.000000,-32.000000,22.000000,22.000000,22.000000,22.000000,22.000000,22.000000,22.000000,34.000000,34.000000,35.000000,36.000000,36.000000,36.000000,37.000000,1,1,1,1,1,1,1,0,0,0,0,0,0,0,75,5400.235840,967,0,1,0.499943,-0.110000,-0.272000,3.096000,-0.116000,-0.004000,1
7.581063,3.072000,-61.102001,-27.889999,110.992996,17.525000,36.691002,142.667007,0.000000,0.000000,0.000000,0.000000,0.000000,0.000000,0.000000,264.000000,-1245.000000,189.000000,-1417.000000,205.000000,-71.000000,-32.000000,22.000000,22.000000,22.000000,22.000000,22.000000,22.000000,22.000000,34.000000,34.000000,35.000000,36.000000,36.000000,36.000000,37.000000,1,1,1,1,1,1,1,0,0,0,0,0,0,0,75,5400.235840,967,0,1,0.493520,-0.110000,-0.272000,3.099000,-0.099000,-0.003000,1
7.591111,3.048000,-61.125000,-28.120001,111.047997,17.334999,37.231998,142.570007,0.000000,0.000000,0.000000,0.000000,0.000000,0.000000,0.000000,264.000000,-1245.000000,189.000000,-1417.000000,205.000000,-71.000000,-32.000000,22.000000,22.000000,22.000000,22.000000,22.000000,22.000000,22.000000,34.000000,34.000000,35.000000,36.000000,36.000000,36.000000,37.000000,1,1,1,1,1,1,1,0,0,0,0,0,0,0,75,5400.234863,967,0,1,0.489774,-0.110000,-0.272000,3.101000,-0.090000,-0.003000,1
7.601152,3.029000,-61.157001,-28.336000,111.128998,17.160000,37.708000,142.470001,0.000000,0.000000,0.000000,0.000000,0.000000,0.000000,0.000000,264.000000,-1245.000000,189.000000,-1417.000000,205.000000,-71.000000,-32.000000,22.000000,22.000000,22.000000,22.000000,22.000000,22.000000,22.000000,34.000000,34.000000,35.000000,36.000000,36.000000,36.000000,37.000000,1,1,1,1,1,1,1,0,0,0,0,0,0,0,75,5400.234863,968,0,1,0.486229,-0.110000,-0.271999,3.102000,-0.081000,-0.002000,1
7.611059,3.015000,-61.199001,-28.539000,111.235001,16.997999,38.119999,142.365005,0.000000,0.000000,0.000000,0.000000,0.000000,0.000000,0.000000,264.000000,-1245.000000,189.000000,-1417.000000,205.000000,-71.000000,-32.000000,22.000000,22.000000,22.000000,22.000000,22.000000,22.000000,22.000000,34.000000,34.000000,35.000000,36.000000,36.000000,36.000000,37.000000,1,1,1,1,1,1,1,0,0,0,0,0,0,0,75,5400.235840,967,0,1,0.482879,-0.110000,-0.271999,3.104000,-0.073000,-0.002000,1
7.621011,3.002000,-61.265999,-28.767000,111.398003,16.822001,38.532001,142.233002,0.000000,0.000000,0.000000,0.000000,0.000000,0.000000,0.000000,264.000000,-1245.000000,189.000000,-1417.000000,205.000000,-71.000000,-32.000000,22.000000,22.000000,22.000000,22.000000,22.000000,22.000000,22.000000,34.000000,34.000000,35.000000,36.000000,36.000000,36.000000,37.000000,1,1,1,1,1,1,1,0,0,0,0,0,0,0,75,5400.232910,968,0,1,0.479111,-0.110000,-0.272000,3.106000,-0.064000,-0.002000,1
7.631017,2.999000,-61.292000,-28.839001,111.460999,16.767000,38.650002,142.186996,0.000000,0.000000,0.000000,0.000000,0.000000,0.000000,0.000000,264.000000,-1245.000000,189.000000,-1417.000000,205.000000,-71.000000,-32.000000,22.000000,22.000000,22.000000,22.000000,22.000000,22.000000,22.000000,34.000000,34.000000,35.000000,36.000000,36.000000,36.000000,37.000000,1,1,1,1,1,1,1,0,0,0,0,0,0,0,75,5400.235840,968,0,1,0.477914,-0.110000,-0.272000,3.106000,-0.062000,-0.001000,1
7.641038,2.992000,-61.384998,-29.046000,111.674004,16.615999,38.949001,142.046997,0.000000,0.000000,0.000000,0.000000,0.000000,0.000000,0.000000,264.000000,-1245.000000,189.000000,-1417.000000,205.000000,-71.000000,-32.000000,22.000000,22.000000,22.000000,22.000000,22.000000,22.000000,22.000000,34.000000,34.000000,35.000000,36.000000,36.000000,36.000000,37.000000,1,1,1,1,1,1,1,0,0,0,0,0,0,0,75,5400.235840,967,0,1,0.474492,-0.110000,-0.272000,3.108000,-0.054000,-0.001000,1
7.651052,2.988000,-61.479000,-29.208000,111.880997,16.504999,39.137001,141.925003,0.000000,0.000000,0.000000,0.000000,0.000000,0.000000,0.000000,264.000000,-1245.000000,189.000000,-1417.000000,205.000000,-71.000000,-32.000000,22.000000,22.000000,22.000000,22.000000,22.000000,22.000000,22.000000,34.000000,34.000000,35.000000,36.000000,36.000000,36.000000,37.000000,1,1,1,1,1,1,1,0,0,0,0,0,0,0,75,5400.235840,968,0,1,0.471826,-0.110000,-0.271999,3.108000,-0.049000,-0.001000,1
7.661093,2.985000,-61.588001,-29.360001,112.113998,16.405001,39.271999,141.798996,0.000000,0.000000,0.000000,0.000000,0.000000,0.000000,0.000000,264.000000,-1245.000000,189.000000,-1417.000000,205.000000,-71.000000,-32.000000,22.000000,22.000000,22.000000,22.000000,22.000000,22.000000,22.000000,34.000000,34.000000,35.000000,36.000000,36.000000,36.000000,37.000000,1,1,1,1,1,1,1,0,0,0,0,0,0,0,75,5400.234863,967,0,1,0.469321,-0.110000,-0.271999,3.109000,-0.045000,0.000000,1
7.671116,2.984000,-61.712002,-29.504999,112.370003,16.316000,39.358002,141.667999,0.000000,0.000000,0.000000,0.000000,0.000000,0.000000,0.000000,264.000000,-1245.000000,189.000000,-1417.000000,205.000000,-71.000000,-32.000000,22.000000,22.000000,22.000000,22.000000,22.000000,22.000000,22.000000,34.000000,34.000000,35.000000,36.000000,36.000000,36.000000,37.000000,1,1,1,1,1,1,1,0,0,0,0,0,0,0,75,5400.235840,968,0,1,0.466965,-0.110000,-0.271999,3.110000,-0.041000,0.000000,1
7.681001,2.984000,-61.851002,-29.641001,112.650002,16.237000,39.398998,141.533997,0.000000,0.000000,0.000000,0.000000,0.000000,0.000000,0.000000,264.000000,-1245.000000,189.000000,-1417.000000,205.000000,-71.000000,-32.000000,22.000000,22.000000,22.000000,22.000000,22.000000,22.000000,22.000000,34.000000,34.000000,35.000000,36.000000,36.000000,36.000000,37.000000,1,1,1,1,1,1,1,0,0,0,0,0,0,0,75,5400.237793,968,0,1,0.464748,-0.109999,-0.272000,3.111000,-0.038000,0.000000,1
7.690984,2.985000,-62.035999,-29.797001,113.014000,16.156000,39.391998,141.367004,0.000000,0.000000,0.000000,0.000000,0.000000,0.000000,0.000000,264.000000,-1245.000000,189.000000,-1417.000000,205.000000,-71.000000,-32.000000,22.000000,22.000000,22.000000,22.000000,22.000000,22.000000,22.000000,34.000000,34.000000,35.000000,36.000000,36.000000,36.000000,37.000000,1,1,1,1,1,1,1,0,0,0,0,0,0,0,75,5400.235840,968,0,1,0.462255,-0.109999,-0.272000,3.111000,-0.035000,0.000000,1
7.701167,2.987000,-62.206001,-29.921000,113.337997,16.097000,39.345001,141.223999,0.000000,0.000000,0.000000,0.000000,0.000000,0.000000,0.000000,264.000000,-1245.000000,189.000000,-1417.000000,205.000000,-71.000000,-32.000000,22.000000,22.000000,22.000000,22.000000,22.000000,22.000000,22.000000,34.000000,34.000000,35.000000,36.000000,36.000000,36.000000,37.000000,1,1,1,1,1,1,1,0,0,0,0,0,0,0,75,5400.235840,967,0,1,0.460303,-0.109999,-0.271999,3.112000,-0.033000,0.000000,1
7.711112,2.989000,-62.387001,-30.039000,113.680000,16.046000,39.264000,141.078003,0.000000,0.000000,0.000000,0.000000,0.000000,0.000000,0.000000,264.000000,-1245.000000,189.000000,-1417.000000,205.000000,-71.000000,-32.000000,22.000000,22.000000,22.000000,22.000000,22.000000,22.000000,22.000000,34.000000,34.000000,35.000000,36.000000,36.000000,36.000000,37.000000,1,1,1,1,1,1,1,0,0,0,0,0,0,0,75,5400.235840,968,0,1,0.458452,-0.110000,-0.271999,3.112000,-0.031000,0.000000,1
7.721047,2.993000,-62.580002,-30.155001,114.037003,16.000999,39.154999,140.929001,0.000000,0.000000,0.000000,0.000000,0.000000,0.000000,0.000000,264.000000,-1245.000000,189.000000,-1417.000000,205.000000,-71.000000,-32.000000,22.000000,22.000000,22.000000,22.000000,22.000000,22.000000,22.000000,34.000000,34.000000,35.000000,36.000000,36.000000,36.000000,37.000000,1,1,1,1,1,1,1,0,0,0,0,0,0,0,75,5400.234863,967,0,1,0.456689,-0.110000,-0.272000,3.112000,-0.030000,0.000000,1
7.731072,2.998000,-62.823002,-30.289000,114.481003,15.954000,38.993000,140.746002,0.000000,0.000000,0.000000,0.000000,0.000000,0.000000,0.000000,264.000000,-1245.000000,189.000000,-1417.000000,205.000000,-71.000000,-32.000000,22.000000,22.000000,22.000000,22.000000,22.000000,22.000000,22.000000,34.000000,34.000000,35.000000,36.000000,36.000000,36.000000,37.000000,1,1,1,1,1,1,1,0,0,0,0,0,0,0,75,5400.234863,967,0,1,0.454670,-0.110000,-0.272000,3.112000,-0.029000,0.000000,1
7.741068,2.999000,-62.907001,-30.334000,114.633003,15.940000,38.931999,140.684998,0.000000,0.000000,0.000000,0.000000,0.000000,0.000000,0.000000,264.000000,-1245.000000,189.000000,-1417.000000,205.000000,-71.000000,-32.000000,22.000000,22.000000,22.000000,22.000000,22.000000,22.000000,22.000000,34.000000,34.000000,35.000000,36.000000,36.000000,36.000000,37.000000,1,1,1,1,1,1,1,0,0,0,0,0,0,0,75,5400.235840,968,0,1,0.454017,-0.110000,-0.271999,3.112000,-0.029000,0.000000,1
7.751011,3.008000,-63.251999,-30.509001,115.250999,15.888000,38.666000,140.434998,0.000000,0.000000,0.000000,0.000000,0.000000,0.000000,0.000000,264.000000,-1245.000000,189.000000,-1417.000000,205.000000,-71.000000,-32.000000,22.000000,22.000000,22.000000,22.000000,22.000000,22.000000,22.000000,34.000000,34.000000,35.000000,36.000000,36.000000,36.000000,37.000000,1,1,1,1,1,1,1,0,0,0,0,0,0,0,75,5400.235840,968,0,1,0.451477,-0.110000,-0.272000,3.112000,-0.029000,0.000000,1
7.760988,3.012000,-63.383999,-30.575001,115.486000,15.869000,38.558998,140.339996,0.000000,0.000000,0.000000,0.000000,0.000000,0.000000,0.000000,264.000000,-1245.000000,189.000000,-1417.000000,205.000000,-71.000000,-32.000000,22.000000,22.000000,22.000000,22.000000,22.000000,22.000000,22.000000,34.000000,34.000000,35.000000,36.000000,36.000000,36.000000,37.000000,1,1,1,1,1,1,1,0,0,0,0,0,0,0,75,5400.235840,967,0,1,0.450547,-0.109999,-0.272000,3.112000,-0.029000,0.000000,1
7.771044,3.019000,-63.605999,-30.684999,115.878998,15.839000,38.376999,140.182007,0.000000,0.000000,0.000000,0.000000,0.000000,0.000000,0.000000,264.000000,-1245.000000,189.000000,-1417.000000,205.000000,-71.000000,-32.000000,22.000000,22.000000,22.000000,22.000000,22.000000,22.000000,22.000000,34.000000,34.000000,35.000000,36.000000,36.000000,36.000000,37.000000,1,1,1,1,1,1,1,0,0,0,0,0,0,0,75,5400.234863,968,0,1,0.449012,-0.109999,-0.272000,3.112000,-0.029000,0.000000,1
7.781016,3.027000,-63.831001,-30.799000,116.275002,15.808000,38.191002,140.020004,0.000000,0.000000,0.000000,0.000000,0.000000,0.000000,0.000000,264.000000,-1245.000000,189.000000,-1417.000000,205.000000,-71.000000,-32.000000,22.000000,22.000000,22.000000,22.000000,22.000000,22.000000,22.000000,34.000000,34.000000,35.000000,36.000000,36.000000,36.000000,37.000000,1,1,1,1,1,1,1,0,0,0,0,0,0,0,75,5400.235840,968,0,1,0.447472,-0.110004,-0.272000,3.113000,-0.028000,0.000000,0
7.791010,3.036000,-64.057999,-30.916000,116.672997,15.776000,38.005001,139.856995,0.000000,0.000000,0.000000,0.000000,0.000000,0.000000,0.000000,264.000000,-1245.000000,189.000000,-1417.000000,205.000000,-71.000000,-32.000000,22.000000,22.000000,22.000000,22.000000,22.000000,22.000000,22.000000,34.000000,34.000000,35.000000,36.000000,36.000000,36.000000,37.000000,1,1,1,1,1,1,1,0,0,0,0,0,0,0,75,5400.235840,967,0,1,0.445925,-0.110013,-0.272000,3.113000,-0.028000,0.000000,0
7.801061,3.038000,-64.331001,-31.047001,117.153000,15.741000,37.779999,139.667007,0.000000,0.000000,0.000000,0.000000,0.000000,0.000000,0.000000,264.000000,-1245.000000,189.000000,-1417.000000,205.000000,-71.000000,-32.000000,22.000000,22.000000,22.000000,22.000000,22.000000,22.000000,22.000000,34.000000,34.000000,35.000000,36.000000,36.000000,36.000000,37.000000,1,1,1,1,1,1,1,0,0,0,0,0,0,0,75,5400.237793,967,0,1,0.444070,-0.109974,-0.272000,3.113000,-0.028000,0.000000,0
7.811132,3.024000,-64.559998,-31.136000,117.561996,15.719000,37.591999,139.518997,0.000000,0.000000,0.000000,0.000000,0.000000,0.000000,0.000000,264.000000,-1245.000000,189.000000,-1417.000000,205.000000,-71.000000,-32.000000,22.000000,22.000000,22.000000,22.000000,22.000000,22.000000,22.000000,34.000000,34.000000,35.000000,36.000000,36.000000,36.000000,37.000000,1,1,1,1,1,1,1,0,0,0,0,0,0,0,75,5400.234863,968,0,1,0.442529,-0.109848,-0.272000,3.113000,-0.028000,0.000000,0
7.821117,2.986000,-64.789001,-31.197001,117.980003,15.709000,37.402000,139.386993,0.000000,0.000000,0.000000,0.000000,0.000000,0.000000,0.000000,264.000000,-1245.000000,189.000000,-1417.000000,205.000000,-71.000000,-32.000000,22.000000,22.000000,22.000000,22.000000,22.000000,22.000000,22.000000,34.000000,34.000000,35.000000,36.000000,36.000000,36.000000,37.000000,1,1,1,1,1,1,1,0,0,0,0,0,0,0,75,5400.237793,968,0,1,0.441005,-0.109597,-0.272000,3.113000,-0.029000,0.000000,3
7.831081,2.925000,-65.028999,-31.231001,118.428001,15.708000,37.201000,139.266006,0.000000,0.000000,0.000000,0.000000,0.000000,0.000000,0.000000,264.000000,-1245.000000,189.000000,-1417.000000,205.000000,-71.000000,-32.000000,22.000000,22.000000,22.000000,22.000000,22.000000,22.000000,22.000000,34.000000,34.000000,35.000000,36.000000,36.000000,36.000000,37.000000,1,1,1,1,1,1,1,0,0,0,0,0,0,0,75,5400.234863,967,0,1,0.439426,-0.109207,-0.272000,3.113000,-0.028000,0.000000,3
7.841122,2.872000,-65.189003,-31.235001,118.727997,15.714000,37.068001,139.197006,0.000000,0.000000,0.000000,0.000000,0.000000,0.000000,0.000000,264.000000,-1245.000000,189.000000,-1417.000000,205.000000,-71.000000,-32.000000,22.000000,22.000000,22.000000,22.000000,22.000000,22.000000,22.000000,34.000000,34.000000,35.000000,36.000000,36.000000,36.000000,37.000000,1,1,1,1,1,1,1,0,0,0,0,0,0,0,75,5400.235840,967,0,1,0.438396,-0.108878,-0.272000,3.113000,-0.029000,0.000000,3
7.851164,2.748000,-65.481003,-31.205999,119.289001,15.737000,36.821999,139.095001,0.000000,0.000000,0.000000,0.000000,0.000000,0.000000,0.000000,264.000000,-1245.000000,189.000000,-1417.000000,205.000000,-71.000000,-32.000000,22.000000,22.000000,22.000000,22.000000,22.000000,22.000000,22.000000,34.000000,34.000000,35.000000,36.000000,36.000000,36.000000,37.000000,1,1,1,1,1,1,1,0,0,0,0,0,0,0,75,5400.235840,967,0,1,0.436534,-0.108119,-0.272000,3.113000,-0.028000,0.000000,3
7.861201,2.576000,-65.790001,-31.118000,119.899002,15.783000,36.561001,139.018997,0.000000,0.000000,0.000000,0.000000,0.000000,0.000000,0.000000,264.000000,-1245.000000,189.000000,-1417.000000,205.000000,-71.000000,-32.000000,22.000000,22.000000,22.000000,22.000000,22.000000,22.000000,22.000000,34.000000,34.000000,35.000000,36.000000,36.000000,36.000000,37.000000,1,1,1,1,1,1,1,0,0,0,0,0,0,0,75,5400.235840,968,0,1,0.434601,-0.107084,-0.272000,3.113000,-0.029000,0.000000,3
7.871239,2.315000,-66.150002,-30.931999,120.629997,15.873000,36.256001,138.977005,0.000000,0.000000,0.000000,0.000000,0.000000,0.000000,0.000000,264.000000,-1245.000000,189.000000,-1417.000000,205.000000,-71.000000,-32.000000,22.000000,22.000000,22.000000,22.000000,22.000000,22.000000,22.000000,34.000000,34.000000,35.000000,36.000000,36.000000,36.000000,37.000000,1,1,1,1,1,1,1,0,0,0,0,0,0,0,75,5400.235840,967,0,1,0.432417,-0.105546,-0.272000,3.113000,-0.028000,0.000000,3
7.881035,2.057000,-66.430000,-30.712000,121.219002,15.978000,36.018002,138.985001,0.000000,0.000000,0.000000,0.000000,0.000000,0.000000,0.000000,264.000000,-1245.000000,189.000000,-1417.000000,205.000000,-71.000000,-32.000000,22.000000,22.000000,22.000000,22.000000,22.000000,22.000000,22.000000,34.000000,34.000000,35.000000,36.000000,36.000000,36.000000,37.000000,1,1,1,1,1,1,1,0,0,0,0,0,0,0,75,5400.234863,967,0,1,0.430767,-0.104051,-0.272000,3.113000,-0.028000,0.000000,3
7.891113,1.766000,-66.688004,-30.433001,121.781998,16.108999,35.798000,139.031006,0.000000,0.000000,0.000000,0.000000,0.000000,0.000000,0.000000,264.000000,-1245.000000,189.000000,-1417.000000,205.000000,-71.000000,-32.000000,22.000000,22.000000,22.000000,22.000000,22.000000,22.000000,22.000000,34.000000,34.000000,35.000000,36.000000,36.000000,36.000000,37.000000,1,1,1,1,1,1,1,0,0,0,0,0,0,0,75,5400.234863,968,0,1,0.429294,-0.102382,-0.272000,3.113000,-0.029000,0.000000,3
7.901016,1.444000,-66.922997,-30.099001,122.310997,16.266001,35.598999,139.117004,0.000000,0.000000,0.000000,0.000000,0.000000,0.000000,0.000000,264.000000,-1245.000000,189.000000,-1417.000000,205.000000,-71.000000,-32.000000,22.000000,22.000000,22.000000,22.000000,22.000000,22.000000,22.000000,34.000000,34.000000,35.000000,36.000000,36.000000,36.000000,37.000000,1,1,1,1,1,1,1,0,0,0,0,0,0,0,75,5400.235840,967,0,1,0.428015,-0.100559,-0.272000,3.113000,-0.028000,0.000000,3
7.911081,1.096000,-67.130997,-29.712000,122.799004,16.448000,35.424000,139.240005,0.000000,0.000000,0.000000,0.000000,0.000000,0.000000,0.000000,264.000000,-1245.000000,189.000000,-1417.000000,205.000000,-71.000000,-32.000000,22.000000,22.000000,22.000000,22.000000,22.000000,22.000000,22.000000,34.000000,34.000000,35.000000,36.000000,36.000000,36.000000,37.000000,1,1,1,1,1,1,1,0,0,0,0,0,0,0,75,5400.234863,968,0,1,0.426946,-0.098606,-0.272000,3.113000,-0.028000,0.000000,3
7.921071,0.649000,-67.343002,-29.183001,123.320999,16.695000,35.249001,139.436005,0.000000,0.000000,0.000000,0.000000,0.000000,0.000000,0.000000,264.000000,-1245.000000,189.000000,-1417.000000,205.000000,-71.000000,-32.000000,22.000000,22.000000,22.000000,22.000000,22.000000,22.000000,22.000000,34.000000,34.000000,35.000000,36.000000,36.000000,36.000000,37.000000,1,1,1,1,1,1,1,0,0,0,0,0,0,0,75,5400.235840,967,0,1,0.425960,-0.096123,-0.272000,3.113000,-0.028000,0.000000,3
7.931052,0.256000,-67.484001,-28.695999,123.695999,16.924000,35.134998,139.636993,0.000000,0.000000,0.000000,0.000000,0.000000,0.000000,0.000000,264.000000,-1245.000000,189.000000,-1417.000000,205.000000,-71.000000,-32.000000,22.000000,22.000000,22.000000,22.000000,22.000000,22.000000,22.000000,34.000000,34.000000,35.000000,36.000000,36.000000,36.000000,37.000000,1,1,1,1,1,1,1,0,0,0,0,0,0,0,75,5400.235840,968,0,1,0.425397,-0.093969,-0.272000,3.113000,-0.028000,0.000000,3
7.941127,-0.148000,-67.593002,-28.171000,124.011002,17.170000,35.050999,139.869995,0.000000,0.000000,0.000000,0.000000,0.000000,0.000000,0.000000,264.000000,-1245.000000,189.000000,-1417.000000,205.000000,-71.000000,-32.000000,22.000000,22.000000,22.000000,22.000000,22.000000,22.000000,22.000000,34.000000,34.000000,35.000000,36.000000,36.000000,36.000000,37.000000,1,1,1,1,1,1,1,0,0,0,0,0,0,0,75,5400.235840,967,0,1,0.425078,-0.091766,-0.272000,3.113000,-0.028000,0.000000,3
7.950960,-0.561000,-67.667999,-27.618000,124.261002,17.430000,34.999001,140.130005,0.000000,0.000000,0.000000,0.000000,0.000000,0.000000,0.000000,264.000000,-1245.000000,189.000000,-1417.000000,205.000000,-71.000000,-32.000000,22.000000,22.000000,22.000000,22.000000,22.000000,22.000000,22.000000,34.000000,34.000000,35.000000,36.000000,36.000000,36.000000,37.000000,1,1,1,1,1,1,1,0,0,0,0,0,0,0,75,5400.234863,968,0,1,0.425005,-0.089540,-0.272000,3.113000,-0.028000,0.000000,3
7.961049,-0.978000,-67.708000,-27.042000,124.443001,17.701000,34.980000,140.414001,0.000000,0.000000,0.000000,0.000000,0.000000,0.000000,0.000000,264.000000,-1245.000000,189.000000,-1417.000000,205.000000,-71.000000,-32.000000,22.000000,22.000000,22.000000,22.000000,22.000000,22.000000,22.000000,34.000000,34.000000,35.000000,36.000000,36.000000,36.000000,37.000000,1,1,1,1,1,1,1,0,0,0,0,0,0,0,75,5400.234863,968,0,1,0.425180,-0.087321,-0.272000,3.113000,-0.029000,0.000000,3
7.971185,-1.228000,-67.714996,-26.690001,124.517998,17.865999,34.985001,140.595001,0.000000,0.000000,0.000000,0.000000,0.000000,0.000000,0.000000,264.000000,-1245.000000,189.000000,-1417.000000,205.000000,-71.000000,-32.000000,22.000000,22.000000,22.000000,22.000000,22.000000,22.000000,22.000000,34.000000,34.000000,35.000000,36.000000,36.000000,36.000000,37.000000,1,1,1,1,1,1,1,0,0,0,0,0,0,0,75,5400.235840,967,0,1,0.425403,-0.086003,-0.272000,3.113000,-0.028000,0.000000,3
7.981220,-1.884000,-67.669998,-25.740999,124.588997,18.309999,35.054001,141.104996,0.000000,0.000000,0.000000,0.000000,0.000000,0.000000,0.000000,264.000000,-1245.000000,189.000000,-1417.000000,205.000000,-71.000000,-32.000000,22.000000,22.000000,22.000000,22.000000,22.000000,22.000000,22.000000,34.000000,34.000000,35.000000,36.000000,36.000000,36.000000,37.000000,1,1,1,1,1,1,1,0,0,0,0,0,0,0,75,5400.235840,968,0,1,0.426422,-0.082592,-0.272000,3.113000,-0.028000,0.000000,3
7.991138,-2.044000,-67.644997,-25.504999,124.577003,18.420000,35.084000,141.237000,0.000000,0.000000,0.000000,0.000000,0.000000,0.000000,0.000000,264.000000,-1245.000000,189.000000,-1417.000000,205.000000,-71.000000,-32.000000,22.000000,22.000000,22.000000,22.000000,22.000000,22.000000,22.000000,34.000000,34.000000,35.000000,36.000000,36.000000,36.000000,37.000000,1,1,1,1,1,1,1,0,0,0,0,0,0,0,75,5400.234863,968,0,1,0.426770,-0.081772,-0.272000,3.113000,-0.029000,0.000000,3
8.001087,-2.508000,-67.533997,-24.809000,124.472000,18.745001,35.203999,141.639008,0.000000,0.000000,0.000000,0.000000,0.000000,0.000000,0.000000,264.000000,-1245.000000,189.000000,-1417.000000,205.000000,-71.000000,-32.000000,22.000000,22.000000,22.000000,22.000000,22.000000,22.000000,22.000000,34.000000,34.000000,35.000000,36.000000,36.000000,36.000000,37.000000,1,1,1,1,1,1,1,0,0,0,0,0,0,0,75,5400.235840,968,0,1,0.428029,-0.079416,-0.272000,3.113000,-0.028000,0.000000,3
8.011022,-2.874000,-67.403999,-24.250000,124.306000,19.004000,35.337002,141.975998,0.000000,0.000000,0.000000,0.000000,0.000000,0.000000,0.000000,264.000000,-1245.000000,189.000000,-1417.000000,205.000000,-71.000000,-32.000000,22.000000,22.000000,22.000000,22.000000,22.000000,22.000000,22.000000,34.000000,34.000000,35.000000,36.000000,36.000000,36.000000,37.000000,1,1,1,1,1,1,1,0,0,0,0,0,0,0,75,5400.235840,968,0,1,0.429311,-0.077595,-0.272000,3.113000,-0.028000,0.000000,3
8.021057,-3.216000,-67.240997,-23.719999,124.070000,19.250000,35.497002,142.309006,0.000000,0.000000,0.000000,0.000000,0.000000,0.000000,0.000000,264.000000,-1245.000000,189.000000,-1417.000000,205.000000,-71.000000,-32.000000,22.000000,22.000000,22.000000,22.000000,22.000000,22.000000,22.000000,34.000000,34.000000,35.000000,36.000000,36.000000,36.000000,37.000000,1,1,1,1,1,1,1,0,0,0,0,0,0,0,75,5400.235840,967,0,1,0.430787,-0.075928,-0.272000,3.113000,-0.028000,0.000000,3
8.031008,-3.588000,-67.002998,-23.134001,123.700996,19.520000,35.722000,142.697006,0.000000,0.000000,0.000000,0.000000,0.000000,0.000000,0.000000,264.000000,-1245.000000,189.000000,-1417.000000,205.000000,-71.000000,-32.000000,22.000000,22.000000,22.000000,22.000000,22.000000,22.000000,22.000000,34.000000,34.000000,35.000000,36.000000,36.000000,36.000000,37.000000,1,1,1,1,1,1,1,0,0,0,0,0,0,0,75,5400.235840,968,0,1,0.432789,-0.074160,-0.272000,3.113000,-0.028000,0.000000,3
8.041245,-3.863000,-66.772003,-22.694000,123.325996,19.722000,35.933998,143.005005,0.000000,0.000000,0.000000,0.000000,0.000000,0.000000,0.000000,264.000000,-1245.000000,189.000000,-1417.000000,205.000000,-71.000000,-32.000000,22.000000,22.000000,22.000000,22.000000,22.000000,22.000000,22.000000,34.000000,34.000000,35.000000,36.000000,36.000000,36.000000,37.000000,1,1,1,1,1,1,1,0,0,0,0,0,0,0,75,5400.235840,968,0,1,0.434625,-0.072901,-0.272000,3.113000,-0.028000,0.000000,3
8.051038,-4.098000,-66.518997,-22.311001,122.903999,19.899000,36.161999,143.289993,0.000000,0.000000,0.000000,0.000000,0.000000,0.000000,0.000000,264.000000,-1245.000000,189.000000,-1417.000000,205.000000,-71.000000,-32.000000,22.000000,22.000000,22.000000,22.000000,22.000000,22.000000,22.000000,34.000000,34.000000,35.000000,36.000000,36.000000,36.000000,37.000000,1,1,1,1,1,1,1,0,0,0,0,0,0,0,75,5400.235840,968,0,1,0.436558,-0.071868,-0.272000,3.113000,-0.028000,0.000000,3
8.061000,-4.281000,-66.265999,-22.007999,122.474998,20.039000,36.384998,143.531006,0.000000,0.000000,0.000000,0.000000,0.000000,0.000000,0.000000,264.000000,-1245.000000,189.000000,-1417.000000,205.000000,-71.000000,-32.000000,22.000000,22.000000,22.000000,22.000000,22.000000,22.000000,22.000000,34.000000,34.000000,35.000000,36.000000,36.000000,36.000000,37.000000,1,1,1,1,1,1,1,0,0,0,0,0,0,0,75,5400.235840,967,0,1,0.438419,-0.071113,-0.272000,3.113000,-0.028000,0.000000,3
8.071110,-4.436000,-65.987000,-21.747000,121.995003,20.164000,36.625999,143.755997,0.000000,0.000000,0.000000,0.000000,0.000000,0.000000,0.000000,264.000000,-1245.000000,189.000000,-1417.000000,205.000000,-71.000000,-32.000000,22.000000,22.000000,22.000000,22.000000,22.000000,22.000000,22.000000,34.000000,34.000000,35.000000,36.000000,36.000000,36.000000,37.000000,1,1,1,1,1,1,1,0,0,0,0,0,0,0,75,5400.234863,967,0,1,0.440408,-0.070534,-0.272000,3.113000,-0.028000,0.000000,3
8.081110,-4.528000,-65.766998,-21.587999,121.614998,20.243000,36.813000,143.906006,0.000000,0.000000,0.000000,0.000000,0.000000,0.000000,0.000000,264.000000,-1245.000000,189.000000,-1417.000000,205.000000,-71.000000,-32.000000,22.000000,22.000000,22.000000,22.000000,22.000000,22.000000,22.000000,34.000000,34.000000,35.000000,36.000000,36.000000,36.000000,37.000000,1,1,1,1,1,1,1,0,0,0,0,0,0,0,75,5400.234863,968,0,1,0.441930,-0.070239,-0.272000,3.113000,-0.028000,0.000000,0
8.091096,-4.570000,-65.632004,-21.510000,121.380997,20.283001,36.926998,143.987000,0.000000,0.000000,0.000000,0.000000,0.000000,0.000000,0.000000,264.000000,-1245.000000,189.000000,-1417.000000,205.000000,-71.000000,-32.000000,22.000000,22.000000,22.000000,22.000000,22.000000,22.000000,22.000000,34.000000,34.000000,35.000000,36.000000,36.000000,36.000000,37.000000,1,1,1,1,1,1,1,0,0,0,0,0,0,0,75,5400.235840,967,0,1,0.442847,-0.070130,-0.272000,3.113000,-0.028000,0.000000,0
8.101125,-4.627000,-65.402000,-21.402000,120.980003,20.340000,37.118000,144.112000,0.000000,0.000000,0.000000,0.000000,0.000000,0.000000,0.000000,264.000000,-1245.000000,189.000000,-1417.000000,205.000000,-71.000000,-32.000000,22.000000,22.000000,22.000000,22.000000,22.000000,22.000000,22.000000,34.000000,34.000000,35.000000,36.000000,36.000000,36.000000,37.000000,1,1,1,1,1,1,1,0,0,0,0,0,0,0,75,5400.235840,969,0,1,0.444383,-0.070028,-0.272000,3.113000,-0.028000,0.000000,0
8.111029,-4.671000,-65.168999,-21.313000,120.572998,20.388000,37.311001,144.227997,0.000000,0.000000,0.000000,0.000000,0.000000,0.000000,0.000000,264.000000,-1245.000000,189.000000,-1417.000000,205.000000,-71.000000,-32.000000,22.000000,22.000000,22.000000,22.000000,22.000000,22.000000,22.000000,34.000000,34.000000,35.000000,36.000000,36.000000,36.000000,37.000000,1,1,1,1,1,1,1,0,0,0,0,0,0,0,75,5400.234863,968,0,1,0.445922,-0.069995,-0.272000,3.113000,-0.028000,0.000000,0
8.121069,-4.708000,-64.934998,-21.233999,120.162003,20.431999,37.504002,144.339005,0.000000,0.000000,0.000000,0.000000,0.000000,0.000000,0.000000,264.000000,-1245.000000,189.000000,-1417.000000,205.000000,-71.000000,-32.000000,22.000000,22.000000,22.000000,22.000000,22.000000,22.000000,22.000000,34.000000,34.000000,35.000000,36.000000,36.000000,36.000000,37.000000,1,1,1,1,1,1,1,0,0,0,0,0,0,0,75,5400.235840,967,0,1,0.447461,-0.069997,-0.272000,3.113000,-0.028000,0.000000,0
8.130981,-4.752000,-64.653999,-21.141001,119.667000,20.483000,37.737999,144.473007,0.000000,0.000000,0.000000,0.000000,0.000000,0.000000,0.000000,264.000000,-1245.000000,189.000000,-1417.000000,205.000000,-71.000000,-32.000000,22.000000,22.000000,22.000000,22.000000,22.000000,22.000000,22.000000,34.000000,34.000000,35.000000,36.000000,36.000000,36.000000,37.000000,1,1,1,1,1,1,1,0,0,0,0,0,0,0,75,5400.234863,968,0,1,0.449305,-0.070000,-0.272000,3.112000,-0.029000,0.000000,1
8.141022,-4.788000,-64.420998,-21.063999,119.254997,20.525999,37.931000,144.585007,0.000000,0.000000,0.000000,0.000000,0.000000,0.000000,0.000000,264.000000,-1245.000000,189.000000,-1417.000000,205.000000,-71.000000,-32.000000,22.000000,22.000000,22.000000,22.000000,22.000000,22.000000,22.000000,34.000000,34.000000,35.000000,36.000000,36.000000,36.000000,37.000000,1,1,1,1,1,1,1,0,0,0,0,0,0,0,75,5400.234863,968,0,1,0.450853,-0.069999,-0.272000,3.112000,-0.029000,0.000000,1
8.151076,-4.825000,-64.186996,-20.987000,118.838997,20.569000,38.120998,144.697998,0.000000,0.000000,0.000000,0.000000,0.000000,0.000000,0.000000,264.000000,-1245.000000,189.000000,-1417.000000,205.000000,-71.000000,-32.000000,22.000000,22.000000,22.000000,22.000000,22.000000,22.000000,22.000000,34.000000,34.000000,35.000000,36.000000,36.000000,36.000000,37.000000,1,1,1,1,1,1,1,0,0,0,0,0,0,0,75,5400.237793,968,0,1,0.452435,-0.070000,-0.272000,3.112000,-0.029000,0.000000,1
8.161001,-4.862000,-63.953999,-20.907000,118.420998,20.614000,38.305000,144.813004,0.000000,0.000000,0.000000,0.000000,0.000000,0.000000,0.000000,264.000000,-1245.000000,189.000000,-1417.000000,205.000000,-71.000000,-32.000000,22.000000,22.000000,22.000000,22.000000,22.000000,22.000000,22.000000,34.000000,34.000000,35.000000,36.000000,36.000000,36.000000,37.000000,1,1,1,1,1,1,1,0,0,0,0,0,0,0,75,5400.235840,968,0,1,0.454075,-0.070000,-0.272000,3.112000,-0.029000,0.000000,1
8.171243,-4.884000,-63.813000,-20.858000,118.167999,20.642000,38.410999,144.884003,0.000000,0.000000,0.000000,0.000000,0.000000,0.000000,0.000000,264.000000,-1245.000000,189.000000,-1417.000000,205.000000,-71.000000,-32.000000,22.000000,22.000000,22.000000,22.000000,22.000000,22.000000,22.000000,34.000000,34.000000,35.000000,36.000000,36.000000,36.000000,37.000000,1,1,1,1,1,1,1,0,0,0,0,0,0,0,75,5400.234863,968,0,1,0.455095,-0.070000,-0.272000,3.112000,-0.029000,0.000000,1
8.181051,-4.920000,-63.577999,-20.774000,117.742996,20.693001,38.581001,145.003006,0.000000,0.000000,0.000000,0.000000,0.000000,0.000000,0.000000,264.000000,-1245.000000,189.000000,-1417.000000,205.000000,-71.000000,-32.000000,22.000000,22.000000,22.000000,22.000000,22.000000,22.000000,22.000000,34.000000,34.000000,35.000000,36.000000,36.000000,36.000000,37.000000,1,1,1,1,1,1,1,0,0,0,0,0,0,0,75,5400.235840,968,0,1,0.456871,-0.070000,-0.272000,3.112000,-0.030000,0.000000,1
8.191038,-4.980000,-63.201000,-20.628000,117.051003,20.785999,38.827000,145.199997,0.000000,0.000000,0.000000,0.000000,0.000000,0.000000,0.000000,264.000000,-1245.000000,189.000000,-1417.000000,205.000000,-71.000000,-32.000000,22.000000,22.000000,22.000000,22.000000,22.000000,22.000000,22.000000,34.000000,34.000000,35.000000,36.000000,36.000000,36.000000,37.000000,1,1,1,1,1,1,1,0,0,0,0,0,0,0,75,5400.235840,968,0,1,0.459952,-0.069999,-0.272000,3.112000,-0.031000,0.000000,1
8.201065,-5.003000,-63.057999,-20.569000,116.787003,20.825001,38.909000,145.276001,0.000000,0.000000,0.000000,0.000000,0.000000,0.000000,0.000000,264.000000,-1245.000000,189.000000,-1417.000000,205.000000,-71.000000,-32.000000,22.000000,22.000000,22.000000,22.000000,22.000000,22.000000,22.000000,34.000000,34.000000,35.000000,36.000000,36.000000,36.000000,37.000000,1,1,1,1,1,1,1,0,0,0,0,0,0,0,75,5400.234863,967,0,1,0.461198,-0.070000,-0.271999,3.112000,-0.032000,0.000000,1
8.211104,-5.042000,-62.820000,-20.466000,116.342003,20.896000,39.032001,145.406998,0.000000,0.000000,0.000000,0.000000,0.000000,0.000000,0.000000,264.000000,-1245.000000,189.000000,-1417.000000,205.000000,-71.000000,-32.000000,22.000000,22.000000,22.000000,22.000000,22.000000,22.000000,22.000000,34.000000,34.000000,35.000000,36.000000,36.000000,36.000000,37.000000,1,1,1,1,1,1,1,0,0,0,0,0,0,0,75,5400.234863,968,0,1,0.463400,-0.070000,-0.272000,3.111000,-0.034000,0.000000,1
8.221060,-5.082000,-62.578999,-20.355000,115.889000,20.974001,39.134998,145.542999,0.000000,0.000000,0.000000,0.000000,0.000000,0.000000,0.000000,264.000000,-1245.000000,189.000000,-1417.000000,205.000000,-71.000000,-32.000000,22.000000,22.000000,22.000000,22.000000,22.000000,22.000000,22.000000,34.000000,34.000000,35.000000,36.000000,36.000000,36.000000,37.000000,1,1,1,1,1,1,1,0,0,0,0,0,0,0,75,5400.235840,967,0,1,0.465774,-0.069999,-0.271999,3.111000,-0.036000,0.000000,1
8.231048,-5.123000,-62.337002,-20.235001,115.427002,21.062000,39.216999,145.682999,0.000000,0.000000,0.000000,0.000000,0.000000,0.000000,0.000000,264.000000,-1245.000000,189.000000,-1417.000000,205.000000,-71.000000,-32.000000,22.000000,22.000000,22.000000,22.000000,22.000000,22.000000,22.000000,34.000000,34.000000,35.000000,36.000000,36.000000,36.000000,37.000000,1,1,1,1,1,1,1,0,0,0,0,0,0,0,75,5400.235840,967,0,1,0.468335,-0.070000,-0.272000,3.111000,-0.038000,0.000000,1
8.241058,-5.173000,-62.042000,-20.080000,114.861000,21.180000,39.284000,145.858994,0.000000,0.000000,0.000000,0.000000,0.000000,0.000000,0.000000,264.000000,-1245.000000,189.000000,-1417.000000,205.000000,-71.000000,-32.000000,22.000000,22.000000,22.000000,22.000000,22.000000,22.000000,22.000000,34.000000,34.000000,35.000000,36.000000,36.000000,36.000000,37.000000,1,1,1,1,1,1,1,0,0,0,0,0,0,0,75,5400.235840,967,0,1,0.471680,-0.070000,-0.272000,3.110000,-0.042000,0.000000,1
8.250958,-5.217000,-61.792000,-19.938999,114.378998,21.290001,39.311001,146.011002,0.000000,0.000000,0.000000,0.000000,0.000000,0.000000,0.000000,264.000000,-1245.000000,189.000000,-1417.000000,205.000000,-71.000000,-32.000000,22.000000,22.000000,22.000000,22.000000,22.000000,22.000000,22.000000,34.000000,34.000000,35.000000,36.000000,36.000000,36.000000,37.000000,1,1,1,1,1,1,1,0,0,0,0,0,0,0,75,5400.234863,968,0,1,0.474708,-0.069999,-0.272000,3.109000,-0.046000,-0.001000,1
8.261013,-5.263000,-61.539001,-19.789000,113.887001,21.410999,39.310001,146.169006,0.000000,0.000000,0.000000,0.000000,0.000000,0.000000,0.000000,264.000000,-1245.000000,189.000000,-1417.000000,205.000000,-71.000000,-32.000000,22.000000,22.000000,22.000000,22.000000,22.000000,22.000000,22.000000,34.000000,34.000000,35.000000,36.000000,36.000000,36.000000,37.000000,1,1,1,1,1,1,1,0,0,0,0,0,0,0,75,5400.235840,967,0,1,0.477968,-0.070000,-0.272000,3.108000,-0.050000,-0.001000,1
8.271054,-5.291000,-61.383999,-19.693001,113.586998,21.489000,39.294998,146.266998,0.000000,0.000000,0.000000,0.000000,0.000000,0.000000,0.000000,264.000000,-1245.000000,189.000000,-1417.000000,205.000000,-71.000000,-32.000000,22.000000,22.000000,22.000000,22.000000,22.000000,22.000000,22.000000,34.000000,34.000000,35.000000,36.000000,36.000000,36.000000,37.000000,1,1,1,1,1,1,1,0,0,0,0,0,0,0,75,5400.237793,968,0,1,0.480040,-0.070000,-0.272000,3.108000,-0.053000,-0.001000,1
8.281117,-5.339000,-61.123001,-19.525000,113.077003,21.627001,39.245998,146.434006,0.000000,0.000000,0.000000,0.000000,0.000000,0.000000,0.000000,264.000000,-1245.000000,189.000000,-1417.000000,205.000000,-71.000000,-32.000000,22.000000,22.000000,22.000000,22.000000,22.000000,22.000000,22.000000,34.000000,34.000000,35.000000,36.000000,36.000000,36.000000,37.000000,1,1,1,1,1,1,1,0,0,0,0,0,0,0,75,5400.235840,967,0,1,0.483694,-0.070000,-0.271999,3.107000,-0.058000,-0.001000,1
8.290951,-5.400000,-60.800999,-19.308001,112.450996,21.809000,39.143002,146.643005,0.000000,0.000000,0.000000,0.000000,0.000000,0.000000,0.000000,264.000000,-1245.000000,189.000000,-1417.000000,205.000000,-71.000000,-32.000000,22.000000,22.000000,22.000000,22.000000,22.000000,22.000000,22.000000,34.000000,34.000000,35.000000,36.000000,36.000000,36.000000,37.000000,1,1,1,1,1,1,1,0,0,0,0,0,0,0,75,5400.234863,968,0,1,0.488417,-0.070000,-0.271999,3.106000,-0.065000,-0.002000,1
8.301037,-5.453000,-60.525002,-19.115000,111.917000,21.974001,39.019001,146.824005,0.000000,0.000000,0.000000,0.000000,0.000000,0.000000,0.000000,264.000000,-1245.000000,189.000000,-1417.000000,205.000000,-71.000000,-32.000000,22.000000,22.000000,22.000000,22.000000,22.000000,22.000000,22.000000,34.000000,34.000000,35.000000,36.000000,36.000000,36.000000,37.000000,1,1,1,1,1,1,1,0,0,0,0,0,0,0,75,5400.234863,968,0,1,0.492643,-0.069999,-0.271999,3.104000,-0.071000,-0.002000,1
8.311036,-5.508000,-60.241001,-18.910000,111.371002,22.150000,38.858002,147.009995,0.000000,0.000000,0.000000,0.000000,0.000000,0.000000,0.000000,264.000000,-1245.000000,189.000000,-1417.000000,205.000000,-71.000000,-32.000000,22.000000,22.000000,22.000000,22.000000,22.000000,22.000000,22.000000,34.000000,34.000000,35.000000,36.000000,36.000000,36.000000,37.000000,1,1,1,1,1,1,1,0,0,0,0,0,0,0,75,5400.234863,968,0,1,0.497137,-0.070000,-0.272000,3.103000,-0.078000,-0.002000,1
8.321116,-5.564000,-59.946999,-18.694000,110.814003,22.337999,38.660000,147.203003,0.000000,0.000000,0.000000,0.000000,0.000000,0.000000,0.000000,264.000000,-1245.000000,189.000000,-1417.000000,205.000000,-71.000000,-32.000000,22.000000,22.000000,22.000000,22.000000,22.000000,22.000000,22.000000,34.000000,34.000000,35.000000,36.000000,36.000000,36.000000,37.000000,1,1,1,1,1,1,1,0,0,0,0,0,0,0,75,5400.235840,967,0,1,0.501901,-0.069999,-0.272000,3.101000,-0.086000,-0.003000,1
8.331088,-5.623000,-59.644001,-18.465000,110.245003,22.537001,38.423000,147.399994,0.000000,0.000000,0.000000,0.000000,0.000000,0.000000,0.000000,264.000000,-1245.000000,189.000000,-1417.000000,205.000000,-71.000000,-32.000000,22.000000,22.000000,22.000000,22.000000,22.000000,22.000000,22.000000,34.000000,34.000000,35.000000,36.000000,36.000000,36.000000,37.000000,1,1,1,1,1,1,1,0,0,0,0,0,0,0,75,5400.234863,967,0,1,0.506936,-0.070000,-0.272000,3.100000,-0.095000,-0.003000,1
8.341136,-5.697000,-59.264000,-18.176001,109.545998,22.791000,38.085999,147.643997,0.000000,0.000000,0.000000,0.000000,0.000000,0.000000,0.000000,264.000000,-1245.000000,189.000000,-1417.000000,205.000000,-71.000000,-32.000000,22.000000,22.000000,22.000000,22.000000,22.000000,22.000000,22.000000,34.000000,34.000000,35.000000,36.000000,36.000000,36.000000,37.000000,1,1,1,1,1,1,1,0,0,0,0,0,0,0,75,5400.235840,967,0,1,0.513333,-0.070000,-0.271999,3.098000,-0.106000,-0.004000,1
8.351122,-5.761000,-58.933998,-17.922001,108.949997,23.014999,37.759998,147.852997,0.000000,0.000000,0.000000,0.000000,0.000000,0.000000,0.000000,264.000000,-1245.000000,189.000000,-1417.000000,205.000000,-71.000000,-32.000000,22.000000,22.000000,22.000000,22.000000,22.000000,22.000000,22.000000,34.000000,34.000000,35.000000,36.000000,36.000000,36.000000,37.000000,1,1,1,1,1,1,1,0,0,0,0,0,0,0,75,5400.234863,968,0,1,0.518957,-0.070000,-0.272000,3.096000,-0.116000,-0.004000,1
8.361082,-5.827000,-58.589001,-17.657000,108.343002,23.249001,37.393002,148.065994,0.000000,0.000000,0.000000,0.000000,0.000000,0.000000,0.000000,264.000000,-1245.000000,189.000000,-1417.000000,205.000000,-71.000000,-32.000000,22.000000,22.000000,22.000000,22.000000,22.000000,22.000000,22.000000,34.000000,34.000000,35.000000,36.000000,36.000000,36.000000,37.000000,1,1,1,1,1,1,1,0,0,0,0,0,0,0,75,5400.234863,967,0,1,0.524841,-0.070000,-0.272000,3.094000,-0.126000,-0.005000,1
8.371145,-5.896000,-58.230000,-17.379999,107.723000,23.492001,36.984001,148.283005,0.000000,0.000000,0.000000,0.000000,0.000000,0.000000,0.000000,264.000000,-1245.000000,189.000000,-1417.000000,205.000000,-71.000000,-32.000000,22.000000,22.000000,22.000000,22.000000,22.000000,22.000000,22.000000,34.000000,34.000000,35.000000,36.000000,36.000000,36.000000,37.000000,1,1,1,1,1,1,1,0,0,0,0,0,0,0,75,5400.237793,967,0,1,0.530979,-0.070000,-0.272000,3.092000,-0.138000,-0.005000,1
8.381021,-5.966000,-57.854000,-17.093000,107.092003,23.743999,36.533001,148.503006,0.000000,0.000000,0.000000,0.000000,0.000000,0.000000,0.000000,264.000000,-1245.000000,189.000000,-1417.000000,205.000000,-71.000000,-32.000000,22.000000,22.000000,22.000000,22.000000,22.000000,22.000000,22.000000,34.000000,34.000000,35.000000,36.000000,36.000000,36.000000,37.000000,1,1,1,1,1,1,1,0,0,0,0,0,0,0,75,5400.234863,967,0,1,0.537361,-0.070000,-0.271999,3.089000,-0.149000,-0.006000,1
8.391007,-6.010000,-57.619999,-16.916000,106.707001,23.899000,36.243000,148.636993,0.000000,0.000000,0.000000,0.000000,0.000000,0.000000,0.000000,264.000000,-1245.000000,189.000000,-1417.000000,205.000000,-71.000000,-32.000000,22.000000,22.000000,22.000000,22.000000,22.000000,22.000000,22.000000,34.000000,34.000000,35.000000,36.000000,36.000000,36.000000,37.000000,1,1,1,1,1,1,1,0,0,0,0,0,0,0,75,5400.235840,967,0,1,0.541304,-0.069999,-0.272000,3.088000,-0.157000,-0.006000,1
8.401129,-6.085000,-57.216000,-16.613001,106.056999,24.164000,35.726002,148.862000,0.000000,0.000000,0.000000,0.000000,0.000000,0.000000,0.000000,264.000000,-1245.000000,189.000000,-1417.000000,205.000000,-71.000000,-32.000000,22.000000,22.000000,22.000000,22.000000,22.000000,22.000000,22.000000,34.000000,34.000000,35.000000,36.000000,36.000000,36.000000,37.000000,1,1,1,1,1,1,1,0,0,0,0,0,0,0,75,5400.234863,968,0,1,0.548056,-0.070000,-0.271999,3.086000,-0.169000,-0.006000,1
8.411051,-6.209000,-56.528999,-16.108999,104.989998,24.600000,34.816002,149.225998,0.000000,0.000000,0.000000,0.000000,0.000000,0.000000,0.000000,264.000000,-1245.000000,189.000000,-1417.000000,205.000000,-71.000000,-32.000000,22.000000,22.000000,22.000000,22.000000,22.000000,22.000000,22.000000,34.000000,34.000000,35.000000,36.000000,36.000000,36.000000,37.000000,1,1,1,1,1,1,1,0,0,0,0,0,0,0,75,5400.234863,967,0,1,0.559300,-0.070000,-0.272000,3.082000,-0.191000,-0.007000,1
8.421047,-6.258000,-56.257999,-15.914000,104.582001,24.767000,34.450001,149.363998,0.000000,0.000000,0.000000,0.000000,0.000000,0.000000,0.000000,264.000000,-1245.000000,189.000000,-1417.000000,205.000000,-71.000000,-32.000000,22.000000,22.000000,22.000000,22.000000,22.000000,22.000000,22.000000,34.000000,34.000000,35.000000,36.000000,36.000000,36.000000,37.000000,1,1,1,1,1,1,1,0,0,0,0,0,0,0,75,5400.234863,968,0,1,0.563647,-0.069999,-0.272000,3.080000,-0.199000,-0.007000,1
8.431096,-6.341000,-55.790001,-15.583000,103.891998,25.049000,33.810001,149.595001,0.000000,0.000000,0.000000,0.000000,0.000000,0.000000,0.000000,264.000000,-1245.000000,189.000000,-1417.000000,205.000000,-71.000000,-32.000000,22.000000,22.000000,22.000000,22.000000,22.000000,22.000000,22.000000,34.000000,34.000000,35.000000,36.000000,36.000000,36.000000,37.000000,1,1,1,1,1,1,1,0,0,0,0,0,0,0,75,5400.234863,968,0,1,0.571035,-0.069999,-0.272000,3.077000,-0.213000,-0.008000,1
8.441089,-6.427000,-55.299999,-15.244000,103.188004,25.333000,33.134998,149.826996,0.000000,0.000000,0.000000,0.000000,0.000000,0.000000,0.000000,264.000000,-1245.000000,189.000000,-1417.000000,205.000000,-71.000000,-32.000000,22.000000,22.000000,22.000000,22.000000,22.000000,22.000000,22.000000,34.000000,34.000000,35.000000,36.000000,36.000000,36.000000,37.000000,1,1,1,1,1,1,1,0,0,0,0,0,0,0,75,5400.235840,968,0,1,0.578588,-0.069999,-0.272000,3.075000,-0.228000,-0.008000,1
8.451056,-6.516000,-54.789001,-14.899000,102.471001,25.620001,32.429001,150.059998,0.000000,0.000000,0.000000,0.000000,0.000000,0.000000,0.000000,264.000000,-1245.000000,189.000000,-1417.000000,205.000000,-71.000000,-32.000000,22.000000,22.000000,22.000000,22.000000,22.000000,22.000000,22.000000,34.000000,34.000000,35.000000,36.000000,36.000000,36.000000,37.000000,1,1,1,1,1,1,1,0,0,0,0,0,0,0,75,5400.235840,967,0,1,0.586287,-0.070000,-0.272000,3.072000,-0.243000,-0.009000,1
8.461044,-6.609000,-54.256001,-14.549000,101.739998,25.907000,31.693001,150.292999,0.000000,0.000000,0.000000,0.000000,0.000000,0.000000,0.000000,264.000000,-1245.000000,189.000000,-1417.000000,205.000000,-71.000000,-32.000000,22.000000,22.000000,22.000000,22.000000,22.000000,22.000000,22.000000,34.000000,34.000000,35.000000,36.000000,36.000000,36.000000,37.000000,1,1,1,1,1,1,1,0,0,0,0,0,0,0,75,5400.234863,968,0,1,0.594114,-0.070000,-0.272000,3.069000,-0.258000,-0.009000,1
8.471136,-6.726000,-53.585999,-14.123000,100.844002,26.250999,30.778000,150.572006,0.000000,0.000000,0.000000,0.000000,0.000000,0.000000,0.000000,264.000000,-1245.000000,189.000000,-1417.000000,205.000000,-71.000000,-32.000000,22.000000,22.000000,22.000000,22.000000,22.000000,22.000000,22.000000,34.000000,34.000000,35.000000,36.000000,36.000000,36.000000,37.000000,1,1,1,1,1,1,1,0,0,0,0,0,0,0,75,5400.235840,968,0,1,0.603647,-0.070000,-0.272000,3.065000,-0.277000,-0.009000,1
8.480996,-6.827000,-53.004002,-13.763000,100.081001,26.535000,29.992001,150.804993,0.000000,0.000000,0.000000,0.000000,0.000000,0.000000,0.000000,264.000000,-1245.000000,189.000000,-1417.000000,205.000000,-71.000000,-32.000000,22.000000,22.000000,22.000000,22.000000,22.000000,22.000000,22.000000,34.000000,34.000000,35.000000,36.000000,36.000000,36.000000,37.000000,1,1,1,1,1,1,1,0,0,0,0,0,0,0,75,5400.235840,968,0,1,0.611684,-0.070000,-0.271999,3.062000,-0.292000,-0.009000,1
8.491040,-6.934000,-52.401001,-13.402000,99.303001,26.816000,29.188999,151.037994,0.000000,0.000000,0.000000,0.000000,0.000000,0.000000,0.000000,264.000000,-1245.000000,189.000000,-1417.000000,205.000000,-71.000000,-32.000000,22.000000,22.000000,22.000000,22.000000,22.000000,22.000000,22.000000,34.000000,34.000000,35.000000,36.000000,36.000000,36.000000,37.000000,1,1,1,1,1,1,1,0,0,0,0,0,0,0,75,5400.235840,968,0,1,0.619783,-0.070000,-0.272000,3.059000,-0.308000,-0.010000,1
8.501032,-7.001000,-52.028999,-13.184000,98.828003,26.983000,28.701000,151.177994,0.000000,0.000000,0.000000,0.000000,0.000000,0.000000,0.000000,264.000000,-1245.000000,189.000000,-1417.000000,205.000000,-71.000000,-32.000000,22.000000,22.000000,22.000000,22.000000,22.000000,22.000000,22.000000,34.000000,34.000000,35.000000,36.000000,36.000000,36.000000,37.000000,1,1,1,1,1,1,1,0,0,0,0,0,0,0,75,5400.235840,967,0,1,0.624662,-0.070000,-0.271999,3.058000,-0.318000,-0.010000,1
8.511025,-7.188000,-51.000999,-12.604000,97.533997,27.417000,27.386999,151.550003,0.000000,0.000000,0.000000,0.000000,0.000000,0.000000,0.000000,264.000000,-1245.000000,189.000000,-1417.000000,205.000000,-71.000000,-32.000000,22.000000,22.000000,22.000000,22.000000,22.000000,22.000000,22.000000,34.000000,34.000000,35.000000,36.000000,36.000000,36.000000,37.000000,1,1,1,1,1,1,1,0,0,0,0,0,0,0,75,5400.237793,968,0,1,0.637708,-0.069999,-0.272000,3.053000,-0.343000,-0.010000,1
8.521076,-7.238000,-50.736000,-12.459000,97.205002,27.523001,27.056999,151.643005,0.000000,0.000000,0.000000,0.000000,0.000000,0.000000,0.000000,264.000000,-1245.000000,189.000000,-1417.000000,205.000000,-71.000000,-32.000000,22.000000,22.000000,22.000000,22.000000,22.000000,22.000000,22.000000,34.000000,34.000000,35.000000,36.000000,36.000000,36.000000,37.000000,1,1,1,1,1,1,1,0,0,0,0,0,0,0,75,5400.235840,967,0,1,0.640970,-0.070000,-0.272000,3.051000,-0.350000,-0.010000,1
8.531025,-7.393000,-49.925999,-12.027000,96.200996,27.834000,26.066999,151.921997,0.000000,0.000000,0.000000,0.000000,0.000000,0.000000,0.000000,264.000000,-1245.000000,189.000000,-1417.000000,205.000000,-71.000000,-32.000000,22.000000,22.000000,22.000000,22.000000,22.000000,22.000000,22.000000,34.000000,34.000000,35.000000,36.000000,36.000000,36.000000,37.000000,1,1,1,1,1,1,1,0,0,0,0,0,0,0,75,5400.235840,968,0,1,0.650732,-0.069999,-0.272000,3.048000,-0.369000,-0.010000,1
8.541040,-7.530000,-49.234001,-11.670000,95.347000,28.084999,25.247000,152.154999,0.000000,0.000000,0.000000,0.000000,0.000000,0.000000,0.000000,264.000000,-1245.000000,189.000000,-1417.000000,205.000000,-71.000000,-32.000000,22.000000,22.000000,22.000000,22.000000,22.000000,22.000000,22.000000,34.000000,34.000000,35.000000,36.000000,36.000000,36.000000,37.000000,1,1,1,1,1,1,1,0,0,0,0,0,0,0,75,5400.235840,967,0,1,0.658820,-0.070000,-0.272000,3.045000,-0.385000,-0.010000,1
8.551102,-7.675000,-48.527000,-11.316000,94.477997,28.327000,24.437000,152.388000,0.000000,0.000000,0.000000,0.000000,0.000000,0.000000,0.000000,264.000000,-1245.000000,189.000000,-1417.000000,205.000000,-71.000000,-32.000000,22.000000,22.000000,22.000000,22.000000,22.000000,22.000000,22.000000,34.000000,34.000000,35.000000,36.000000,36.000000,36.000000,37.000000,1,1,1,1,1,1,1,0,0,0,0,0,0,0,75,5400.237793,968,0,1,0.666844,-0.070000,-0.272000,3.041000,-0.400000,-0.010000,1
8.561079,-7.830000,-47.806999,-10.968000,93.594002,28.559000,23.643000,152.621002,0.000000,0.000000,0.000000,0.000000,0.000000,0.000000,0.000000,264.000000,-1245.000000,189.000000,-1417.000000,205.000000,-71.000000,-32.000000,22.000000,22.000000,22.000000,22.000000,22.000000,22.000000,22.000000,34.000000,34.000000,35.000000,36.000000,36.000000,36.000000,37.000000,1,1,1,1,1,1,1,0,0,0,0,0,0,0,75,5400.235840,968,0,1,0.674781,-0.070000,-0.272000,3.038000,-0.416000,-0.009000,1
8.571154,-8.028000,-46.931000,-10.558000,92.514999,28.825001,22.718000,152.901993,0.000000,0.000000,0.000000,0.000000,0.000000,0.000000,0.000000,264.000000,-1245.000000,189.000000,-1417.000000,205.000000,-71.000000,-32.000000,22.000000,22.000000,22.000000,22.000000,22.000000,22.000000,22.000000,34.000000,34.000000,35.000000,36.000000,36.000000,36.000000,37.000000,1,1,1,1,1,1,1,0,0,0,0,0,0,0,75,5400.234863,967,0,1,0.684164,-0.070000,-0.272000,3.035000,-0.434000,-0.009000,1
8.581069,-8.205000,-46.192001,-10.225000,91.599998,29.035000,21.975000,153.138000,0.000000,0.000000,0.000000,0.000000,0.000000,0.000000,0.000000,264.000000,-1245.000000,189.000000,-1417.000000,205.000000,-71.000000,-32.000000,22.000000,22.000000,22.000000,22.000000,22.000000,22.000000,22.000000,34.000000,34.000000,35.000000,36.000000,36.000000,36.000000,37.000000,1,1,1,1,1,1,1,0,0,0,0,0,0,0,75,5400.235840,968,0,1,0.691841,-0.070000,-0.271999,3.032000,-0.449000,-0.009000,1
8.591102,-8.392000,-45.448002,-9.900000,90.672997,29.233999,21.263000,153.375000,0.000000,0.000000,0.000000,0.000000,0.000000,0.000000,0.000000,264.000000,-1245.000000,189.000000,-1417.000000,205.000000,-71.000000,-32.000000,22.000000,22.000000,22.000000,22.000000,22.000000,22.000000,22.000000,34.000000,34.000000,35.000000,36.000000,36.000000,36.000000,37.000000,1,1,1,1,1,1,1,0,0,0,0,0,0,0,75,5400.234863,969,0,1,0.699369,-0.069999,-0.272000,3.029000,-0.463000,-0.008000,1
8.601098,-8.591000,-44.701000,-9.584000,89.735001,29.423000,20.586000,153.613998,0.000000,0.000000,0.000000,0.000000,0.000000,0.000000,0.000000,264.000000,-1245.000000,189.000000,-1417.000000,205.000000,-71.000000,-32.000000,22.000000,22.000000,22.000000,22.000000,22.000000,22.000000,22.000000,34.000000,34.000000,35.000000,36.000000,36.000000,36.000000,37.000000,1,1,1,1,1,1,1,0,0,0,0,0,0,0,75,5400.235840,967,0,1,0.706731,-0.069999,-0.271999,3.026000,-0.477000,-0.008000,1
8.611117,-8.845000,-43.805000,-9.218000,88.597000,29.635000,19.825001,153.903000,0.000000,0.000000,0.000000,0.000000,0.000000,0.000000,0.000000,264.000000,-1245.000000,189.000000,-1417.000000,205.000000,-71.000000,-32.000000,22.000000,22.000000,22.000000,22.000000,22.000000,22.000000,22.000000,34.000000,34.000000,35.000000,36.000000,36.000000,36.000000,37.000000,1,1,1,1,1,1,1,0,0,0,0,0,0,0,75,5400.235840,968,0,1,0.715321,-0.070000,-0.271999,3.022000,-0.494000,-0.008000,1
8.621111,-8.934000,-43.507000,-9.099000,88.214996,29.702999,19.584999,154.000000,0.000000,0.000000,0.000000,0.000000,0.000000,0.000000,0.000000,264.000000,-1245.000000,189.000000,-1417.000000,205.000000,-71.000000,-32.000000,22.000000,22.000000,22.000000,22.000000,22.000000,22.000000,22.000000,34.000000,34.000000,35.000000,36.000000,36.000000,36.000000,37.000000,1,1,1,1,1,1,1,0,0,0,0,0,0,0,75,5400.235840,967,0,1,0.718122,-0.069999,-0.272000,3.021000,-0.499000,-0.007000,1
8.631112,-9.211000,-42.617001,-8.753000,87.061996,29.895000,18.907000,154.294006,0.000000,0.000000,0.000000,0.000000,0.000000,0.000000,0.000000,264.000000,-1245.000000,189.000000,-1417.000000,205.000000,-71.000000,-32.000000,22.000000,22.000000,22.000000,22.000000,22.000000,22.000000,22.000000,34.000000,34.000000,35.000000,36.000000,36.000000,36.000000,37.000000,1,1,1,1,1,1,1,0,0,0,0,0,0,0,75,5400.234863,967,0,1,0.726320,-0.070000,-0.271999,3.018000,-0.514000,-0.007000,1
8.641126,-9.456000,-41.882999,-8.478000,86.097000,30.044001,18.395000,154.541000,0.000000,0.000000,0.000000,0.000000,0.000000,0.000000,0.000000,264.000000,-1245.000000,189.000000,-1417.000000,205.000000,-71.000000,-32.000000,22.000000,22.000000,22.000000,22.000000,22.000000,22.000000,22.000000,34.000000,34.000000,35.000000,36.000000,36.000000,36.000000,37.000000,1,1,1,1,1,1,1,0,0,0,0,0,0,0,75,5400.235840,968,0,1,0.732907,-0.070000,-0.271999,3.016000,-0.527000,-0.006000,1
8.651058,-9.712000,-41.159000,-8.216000,85.128998,30.181999,17.931999,154.791000,0.000000,0.000000,0.000000,0.000000,0.000000,0.000000,0.000000,264.000000,-1245.000000,189.000000,-1417.000000,205.000000,-71.000000,-32.000000,22.000000,22.000000,22.000000,22.000000,22.000000,22.000000,22.000000,34.000000,34.000000,35.000000,36.000000,36.000000,36.000000,37.000000,1,1,1,1,1,1,1,0,0,0,0,0,0,0,75,5400.234863,967,0,1,0.739260,-0.070000,-0.271999,3.013000,-0.538000,-0.006000,1
8.661131,-9.979000,-40.445999,-7.966000,84.161003,30.311001,17.521000,155.044006,0.000000,0.000000,0.000000,0.000000,0.000000,0.000000,0.000000,264.000000,-1245.000000,189.000000,-1417.000000,205.000000,-71.000000,-32.000000,22.000000,22.000000,22.000000,22.000000,22.000000,22.000000,22.000000,34.000000,34.000000,35.000000,36.000000,36.000000,36.000000,37.000000,1,1,1,1,1,1,1,0,0,0,0,0,0,0,75,5400.235840,967,0,1,0.745368,-0.069999,-0.272000,3.011000,-0.549000,-0.005000,1
8.671259,-10.315000,-39.610001,-7.684000,83.001999,30.459999,17.097000,155.345001,0.000000,0.000000,0.000000,0.000000,0.000000,0.000000,0.000000,264.000000,-1245.000000,189.000000,-1417.000000,205.000000,-71.000000,-32.000000,22.000000,22.000000,22.000000,22.000000,22.000000,22.000000,22.000000,34.000000,34.000000,35.000000,36.000000,36.000000,36.000000,37.000000,1,1,1,1,1,1,1,0,0,0,0,0,0,0,75,5400.235840,968,0,1,0.752363,-0.069999,-0.272000,3.008000,-0.562000,-0.005000,1
8.681098,-10.606000,-38.931000,-7.463000,82.042000,30.573999,16.802999,155.598007,0.000000,0.000000,0.000000,0.000000,0.000000,0.000000,0.000000,264.000000,-1245.000000,189.000000,-1417.000000,205.000000,-71.000000,-32.000000,22.000000,22.000000,22.000000,22.000000,22.000000,22.000000,22.000000,34.000000,34.000000,35.000000,36.000000,36.000000,36.000000,37.000000,1,1,1,1,1,1,1,0,0,0,0,0,0,0,75,5400.235840,968,0,1,0.757907,-0.069999,-0.272000,3.006000,-0.571000,-0.004000,1
8.691096,-10.904000,-38.270000,-7.257000,81.088997,30.677999,16.562000,155.854004,0.000000,0.000000,0.000000,0.000000,0.000000,0.000000,0.000000,264.000000,-1245.000000,189.000000,-1417.000000,205.000000,-71.000000,-32.000000,22.000000,22.000000,22.000000,22.000000,22.000000,22.000000,22.000000,34.000000,34.000000,35.000000,36.000000,36.000000,36.000000,37.000000,1,1,1,1,1,1,1,0,0,0,0,0,0,0,75,5400.235840,967,0,1,0.763184,-0.069999,-0.272000,3.004000,-0.580000,-0.004000,1
8.701056,-11.271000,-37.504002,-7.028000,79.957001,30.792999,16.343000,156.162994,0.000000,0.000000,0.000000,0.000000,0.000000,0.000000,0.000000,264.000000,-1245.000000,189.000000,-1417.000000,205.000000,-71.000000,-32.000000,22.000000,22.000000,22.000000,22.000000,22.000000,22.000000,22.000000,34.000000,34.000000,35.000000,36.000000,36.000000,36.000000,37.000000,1,1,1,1,1,1,1,0,0,0,0,0,0,0,75,5400.235840,968,0,1,0.769164,-0.069999,-0.272000,3.001000,-0.590000,-0.003000,1
8.711079,-11.582000,-36.889000,-6.854000,79.027000,30.879000,16.218000,156.421997,0.000000,0.000000,0.000000,0.000000,0.000000,0.000000,0.000000,264.000000,-1245.000000,189.000000,-1417.000000,205.000000,-71.000000,-32.000000,22.000000,22.000000,22.000000,22.000000,22.000000,22.000000,22.000000,34.000000,34.000000,35.000000,36.000000,36.000000,36.000000,37.000000,1,1,1,1,1,1,1,0,0,0,0,0,0,0,75,5400.235840,968,0,1,0.773851,-0.069999,-0.272000,3.000000,-0.598000,-0.003000,1
8.721060,-11.896000,-36.297001,-6.694000,78.110001,30.955999,16.143999,156.682999,0.000000,0.000000,0.000000,0.000000,0.000000,0.000000,0.000000,264.000000,-1245.000000,189.000000,-1417.000000,205.000000,-71.000000,-32.000000,22.000000,22.000000,22.000000,22.000000,22.000000,22.000000,22.000000,34.000000,34.000000,35.000000,36.000000,36.000000,36.000000,37.000000,1,1,1,1,1,1,1,0,0,0,0,0,0,0,75,5400.235840,966,0,1,0.778270,-0.069999,-0.272000,2.998000,-0.605000,-0.002000,1
8.731128,-12.085000,-35.952999,-6.605000,77.567001,30.999001,16.124001,156.839996,0.000000,0.000000,0.000000,0.000000,0.000000,0.000000,0.000000,264.000000,-1245.000000,189.000000,-1417.000000,205.000000,-71.000000,-32.000000,22.000000,22.000000,22.000000,22.000000,22.000000,22.000000,22.000000,34.000000,34.000000,35.000000,36.000000,36.000000,36.000000,37.000000,1,1,1,1,1,1,1,0,0,0,0,0,0,0,75,5400.235840,967,0,1,0.780794,-0.069999,-0.272000,2.997000,-0.609000,-0.002000,1
8.741107,-12.400000,-35.397999,-6.470000,76.675003,31.063000,16.128000,157.100998,0.000000,0.000000,0.000000,0.000000,0.000000,0.000000,0.000000,264.000000,-1245.000000,189.000000,-1417.000000,205.000000,-71.000000,-32.000000,22.000000,22.000000,22.000000,22.000000,22.000000,22.000000,22.000000,34.000000,34.000000,35.000000,36.000000,36.000000,36.000000,37.000000,1,1,1,1,1,1,1,0,0,0,0,0,0,0,75,5400.234863,967,0,1,0.784791,-0.069999,-0.272000,2.996000,-0.615000,-0.002000,1
8.751092,-12.713000,-34.867001,-6.349000,75.800003,31.120001,16.179001,157.363007,0.000000,0.000000,0.000000,0.000000,0.000000,0.000000,0.000000,264.000000,-1245.000000,189.000000,-1417.000000,205.000000,-71.000000,-32.000000,22.000000,22.000000,22.000000,22.000000,22.000000,22.000000,22.000000,34.000000,34.000000,35.000000,36.000000,36.000000,36.000000,37.000000,1,1,1,1,1,1,1,0,0,0,0,0,0,0,75,5400.234863,968,0,1,0.788530,-0.069999,-0.272000,2.995000,-0.620000,-0.001000,1
8.761073,-13.085000,-34.261002,-6.225000,74.774002,31.177999,16.299000,157.675995,0.000000,0.000000,0.000000,0.000000,0.000000,0.000000,0.000000,264.000000,-1245.000000,189.000000,-1417.000000,205.000000,-71.000000,-32.000000,22.000000,22.000000,22.000000,22.000000,22.000000,22.000000,22.000000,34.000000,34.000000,35.000000,36.000000,36.000000,36.000000,37.000000,1,1,1,1,1,1,1,0,0,0,0,0,0,0,75,5400.234863,968,0,1,0.792689,-0.069999,-0.272000,2.993000,-0.626000,-0.001000,1
8.771064,-13.389000,-33.783001,-6.137000,73.938004,31.218000,16.444000,157.936005,0.000000,0.000000,0.000000,0.000000,0.000000,0.000000,0.000000,264.000000,-1245.000000,189.000000,-1417.000000,205.000000,-71.000000,-32.000000,22.000000,22.000000,22.000000,22.000000,22.000000,22.000000,22.000000,34.000000,34.000000,35.000000,36.000000,36.000000,36.000000,37.000000,1,1,1,1,1,1,1,0,0,0,0,0,0,0,75,5400.235840,967,0,1,0.795891,-0.069999,-0.272000,2.992000,-0.630000,-0.001000,1
8.781063,-13.687000,-33.326000,-6.065000,73.121002,31.250999,16.628000,158.195007,0.000000,0.000000,0.000000,0.000000,0.000000,0.000000,0.000000,264.000000,-1245.000000,189.000000,-1417.000000,205.000000,-71.000000,-32.000000,22.000000,22.000000,22.000000,22.000000,22.000000,22.000000,22.000000,34.000000,34.000000,35.000000,36.000000,36.000000,36.000000,37.000000,1,1,1,1,1,1,1,0,0,0,0,0,0,0,75,5400.234863,968,0,1,0.798865,-0.069999,-0.272000,2.992000,-0.633000,0.000000,1
8.791083,-13.977000,-32.891998,-6.007000,72.321999,31.277000,16.848000,158.453003,0.000000,0.000000,0.000000,0.000000,0.000000,0.000000,0.000000,264.000000,-1245.000000,189.000000,-1417.000000,205.000000,-71.000000,-32.000000,22.000000,22.000000,22.000000,22.000000,22.000000,22.000000,22.000000,34.000000,34.000000,35.000000,36.000000,36.000000,36.000000,37.000000,1,1,1,1,1,1,1,0,0,0,0,0,0,0,75,5400.235840,967,0,1,0.801624,-0.069999,-0.272000,2.991000,-0.636000,0.000000,1
8.801039,-14.313000,-32.396999,-5.955000,71.385002,31.299999,17.155001,158.759003,0.000000,0.000000,0.000000,0.000000,0.000000,0.000000,0.000000,264.000000,-1245.000000,189.000000,-1417.000000,205.000000,-71.000000,-32.000000,22.000000,22.000000,22.000000,22.000000,22.000000,22.000000,22.000000,34.000000,34.000000,35.000000,36.000000,36.000000,36.000000,37.000000,1,1,1,1,1,1,1,0,0,0,0,0,0,0,75,5400.234863,967,0,1,0.804670,-0.069999,-0.272000,2.990000,-0.639000,0.000000,1
8.811154,-14.422000,-32.237999,-5.943000,71.078003,31.306000,17.268000,158.860992,0.000000,0.000000,0.000000,0.000000,0.000000,0.000000,0.000000,264.000000,-1245.000000,189.000000,-1417.000000,205.000000,-71.000000,-32.000000,22.000000,22.000000,22.000000,22.000000,22.000000,22.000000,22.000000,34.000000,34.000000,35.000000,36.000000,36.000000,36.000000,37.000000,1,1,1,1,1,1,1,0,0,0,0,0,0,0,75,5400.235840,967,0,1,0.805625,-0.069999,-0.272000,2.990000,-0.640000,0.000000,1
8.821041,-14.689000,-31.854000,-5.919000,70.320999,31.315001,17.568001,159.113998,0.000000,0.000000,0.000000,0.000000,0.000000,0.000000,0.000000,264.000000,-1245.000000,189.000000,-1417.000000,205.000000,-71.000000,-32.000000,22.000000,22.000000,22.000000,22.000000,22.000000,22.000000,22.000000,34.000000,34.000000,35.000000,36.000000,36.000000,36.000000,37.000000,1,1,1,1,1,1,1,0,0,0,0,0,0,0,75,5400.234863,967,0,1,0.807892,-0.069999,-0.272000,2.989000,-0.641000,0.000000,1
8.831032,-14.995000,-31.413000,-5.907000,69.431000,31.320000,17.961000,159.414993,0.000000,0.000000,0.000000,0.000000,0.000000,0.000000,0.000000,264.000000,-1245.000000,189.000000,-1417.000000,205.000000,-71.000000,-32.000000,22.000000,22.000000,22.000000,22.000000,22.000000,22.000000,22.000000,34.000000,34.000000,35.000000,36.000000,36.000000,36.000000,37.000000,1,1,1,1,1,1,1,0,0,0,0,0,0,0,75,5400.234863,967,0,1,0.810403,-0.069999,-0.272000,2.989000,-0.643000,0.000000,1
8.841073,-15.240000,-31.062000,-5.910000,68.702003,31.318001,18.313000,159.664001,0.000000,0.000000,0.000000,0.000000,0.000000,0.000000,0.000000,264.000000,-1245.000000,189.000000,-1417.000000,205.000000,-71.000000,-32.000000,22.000000,22.000000,22.000000,22.000000,22.000000,22.000000,22.000000,34.000000,34.000000,35.000000,36.000000,36.000000,36.000000,37.000000,1,1,1,1,1,1,1,0,0,0,0,0,0,0,75,5400.235840,968,0,1,0.812343,-0.069999,-0.272000,2.989000,-0.644000,0.000000,1
8.851070,-15.476000,-30.721001,-5.921000,67.982002,31.312000,18.684000,159.912003,0.000000,0.000000,0.000000,0.000000,0.000000,0.000000,0.000000,264.000000,-1245.000000,189.000000,-1417.000000,205.000000,-71.000000,-32.000000,22.000000,22.000000,22.000000,22.000000,22.000000,22.000000,22.000000,34.000000,34.000000,35.000000,36.000000,36.000000,36.000000,37.000000,1,1,1,1,1,1,1,0,0,0,0,0,0,0,75,5400.235840,967,0,1,0.814164,-0.069999,-0.272000,2.989000,-0.645000,0.000000,1
8.861049,-15.747000,-30.323999,-5.947000,67.126999,31.298000,19.149000,160.209000,0.000000,0.000000,0.000000,0.000000,0.000000,0.000000,0.000000,264.000000,-1245.000000,189.000000,-1417.000000,205.000000,-71.000000,-32.000000,22.000000,22.000000,22.000000,22.000000,22.000000,22.000000,22.000000,34.000000,34.000000,35.000000,36.000000,36.000000,36.000000,37.000000,1,1,1,1,1,1,1,0,0,0,0,0,0,0,75,5400.235840,967,0,1,0.816221,-0.069999,-0.272000,2.989000,-0.645000,0.000000,1
8.871178,-15.966000,-30.000000,-5.975000,66.418999,31.283001,19.549999,160.457001,0.000000,0.000000,0.000000,0.000000,0.000000,0.000000,0.000000,264.000000,-1245.000000,189.000000,-1417.000000,205.000000,-71.000000,-32.000000,22.000000,22.000000,22.000000,22.000000,22.000000,22.000000,22.000000,34.000000,34.000000,35.000000,36.000000,36.000000,36.000000,37.000000,1,1,1,1,1,1,1,0,0,0,0,0,0,0,75,5400.234863,967,0,1,0.817853,-0.069999,-0.272000,2.989000,-0.645000,0.000000,1
8.881159,-16.179001,-29.680000,-6.009000,65.711998,31.264999,19.959999,160.705994,0.000000,0.000000,0.000000,0.000000,0.000000,0.000000,0.000000,264.000000,-1245.000000,189.000000,-1417.000000,205.000000,-71.000000,-32.000000,22.000000,22.000000,22.000000,22.000000,22.000000,22.000000,22.000000,34.000000,34.000000,35.000000,36.000000,36.000000,36.000000,37.000000,1,1,1,1,1,1,1,0,0,0,0,0,0,0,75,5400.235840,968,0,1,0.819433,-0.069999,-0.272000,2.989000,-0.645000,0.000000,1
8.891147,-16.386999,-29.360001,-6.048000,65.001999,31.243999,20.377001,160.957001,0.000000,0.000000,0.000000,0.000000,0.000000,0.000000,0.000000,264.000000,-1245.000000,189.000000,-1417.000000,205.000000,-71.000000,-32.000000,22.000000,22.000000,22.000000,22.000000,22.000000,22.000000,22.000000,34.000000,34.000000,35.000000,36.000000,36.000000,36.000000,37.000000,1,1,1,1,1,1,1,0,0,0,0,0,0,0,75,5400.234863,967,0,1,0.820982,-0.069999,-0.272000,2.988000,-0.645000,0.000000,1
8.901152,-16.591999,-29.035999,-6.089000,64.283997,31.221001,20.799000,161.210999,0.000000,0.000000,0.000000,0.000000,0.000000,0.000000,0.000000,264.000000,-1245.000000,189.000000,-1417.000000,205.000000,-71.000000,-32.000000,22.000000,22.000000,22.000000,22.000000,22.000000,22.000000,22.000000,34.000000,34.000000,35.000000,36.000000,36.000000,36.000000,37.000000,1,1,1,1,1,1,1,0,0,0,0,0,0,0,75,5400.234863,968,0,1,0.822527,-0.070004,-0.272000,2.988000,-0.645000,0.000000,0
8.911137,-16.712000,-28.840000,-6.117000,63.848999,31.205999,21.052999,161.365005,0.000000,0.000000,0.000000,0.000000,0.000000,0.000000,0.000000,264.000000,-1245.000000,189.000000,-1417.000000,205.000000,-71.000000,-32.000000,22.000000,22.000000,22.000000,22.000000,22.000000,22.000000,22.000000,34.000000,34.000000,35.000000,36.000000,36.000000,36.000000,37.000000,1,1,1,1,1,1,1,0,0,0,0,0,0,0,75,5400.234863,967,0,1,0.823455,-0.070012,-0.272000,2.988000,-0.645000,0.000000,0
8.921178,-16.917000,-28.511000,-6.158000,63.118999,31.179001,21.479000,161.628006,0.000000,0.000000,0.000000,0.000000,0.000000,0.000000,0.000000,264.000000,-1245.000000,189.000000,-1417.000000,205.000000,-71.000000,-32.000000,22.000000,22.000000,22.000000,22.000000,22.000000,22.000000,22.000000,34.000000,34.000000,35.000000,36.000000,36.000000,36.000000,37.000000,1,1,1,1,1,1,1,0,0,0,0,0,0,0,75,5400.235840,967,0,1,0.825001,-0.070005,-0.272000,2.988000,-0.645000,0.000000,0
8.931117,-17.190001,-28.117001,-6.186000,62.236000,31.141001,21.993999,161.966003,0.000000,0.000000,0.000000,0.000000,0.000000,0.000000,0.000000,264.000000,-1245.000000,189.000000,-1417.000000,205.000000,-71.000000,-32.000000,22.000000,22.000000,22.000000,22.000000,22.000000,22.000000,22.000000,34.000000,34.000000,35.000000,36.000000,36.000000,36.000000,37.000000,1,1,1,1,1,1,1,0,0,0,0,0,0,0,75,5400.235840,967,0,1,0.826854,-0.069912,-0.272000,2.988000,-0.645000,0.000000,0
8.941073,-17.455999,-27.792999,-6.174000,61.500000,31.101000,22.423000,162.274002,0.000000,0.000000,0.000000,0.000000,0.000000,0.000000,0.000000,264.000000,-1245.000000,189.000000,-1417.000000,205.000000,-71.000000,-32.000000,22.000000,22.000000,22.000000,22.000000,22.000000,22.000000,22.000000,34.000000,34.000000,35.000000,36.000000,36.000000,36.000000,37.000000,1,1,1,1,1,1,1,0,0,0,0,0,0,0,75,5400.234863,967,0,1,0.828387,-0.069711,-0.272000,2.988000,-0.645000,0.000000,0
8.951030,-17.764999,-27.469999,-6.127000,60.756001,31.052999,22.857000,162.612000,0.000000,0.000000,0.000000,0.000000,0.000000,0.000000,0.000000,264.000000,-1245.000000,189.000000,-1417.000000,205.000000,-71.000000,-32.000000,22.000000,22.000000,22.000000,22.000000,22.000000,22.000000,22.000000,34.000000,34.000000,35.000000,36.000000,36.000000,36.000000,37.000000,1,1,1,1,1,1,1,0,0,0,0,0,0,0,75,5400.237793,968,0,1,0.829924,-0.069384,-0.272000,2.988000,-0.645000,0.000000,3
8.961045,-18.240999,-27.047001,-6.006000,59.759998,30.978001,23.437000,163.104004,0.000000,0.000000,0.000000,0.000000,0.000000,0.000000,0.000000,264.000000,-1245.000000,189.000000,-1417.000000,205.000000,-71.000000,-32.000000,22.000000,22.000000,22.000000,22.000000,22.000000,22.000000,22.000000,34.000000,34.000000,35.000000,36.000000,36.000000,36.000000,37.000000,1,1,1,1,1,1,1,0,0,0,0,0,0,0,75,5400.237793,968,0,1,0.831962,-0.068749,-0.272000,2.988000,-0.645000,0.000000,3
8.971201,-18.759001,-26.660000,-5.829000,58.827999,30.893000,23.982000,163.610992,0.000000,0.000000,0.000000,0.000000,0.000000,0.000000,0.000000,264.000000,-1245.000000,189.000000,-1417.000000,205.000000,-71.000000,-32.000000,22.000000,22.000000,22.000000,22.000000,22.000000,22.000000,22.000000,34.000000,34.000000,35.000000,36.000000,36.000000,36.000000,37.000000,1,1,1,1,1,1,1,0,0,0,0,0,0,0,75,5400.235840,967,0,1,0.833851,-0.067934,-0.272000,2.988000,-0.645000,0.000000,3
8.981014,-19.372000,-26.275000,-5.571000,57.868999,30.785999,24.542999,164.186005,0.000000,0.000000,0.000000,0.000000,0.000000,0.000000,0.000000,264.000000,-1245.000000,189.000000,-1417.000000,205.000000,-71.000000,-32.000000,22.000000,22.000000,22.000000,22.000000,22.000000,22.000000,22.000000,34.000000,34.000000,35.000000,36.000000,36.000000,36.000000,37.000000,1,1,1,1,1,1,1,0,0,0,0,0,0,0,75,5400.234863,967,0,1,0.835775,-0.066849,-0.272000,2.988000,-0.645000,0.000000,3
8.991264,-20.041000,-25.922001,-5.243000,56.958000,30.660000,25.076000,164.789993,0.000000,0.000000,0.000000,0.000000,0.000000,0.000000,0.000000,264.000000,-1245.000000,189.000000,-1417.000000,205.000000,-71.000000,-32.000000,22.000000,22.000000,22.000000,22.000000,22.000000,22.000000,22.000000,34.000000,34.000000,35.000000,36.000000,36.000000,36.000000,37.000000,1,1,1,1,1,1,1,0,0,0,0,0,0,0,75,5400.235840,968,0,1,0.837581,-0.065547,-0.272000,2.988000,-0.645000,0.000000,3
9.001071,-20.464001,-25.731001,-5.015000,56.444000,30.576000,25.377001,165.160995,0.000000,0.000000,0.000000,0.000000,0.000000,0.000000,0.000000,264.000000,-1245.000000,189.000000,-1417.000000,205.000000,-71.000000,-32.000000,22.000000,22.000000,22.000000,22.000000,22.000000,22.000000,22.000000,34.000000,34.000000,35.000000,36.000000,36.000000,36.000000,37.000000,1,1,1,1,1,1,1,0,0,0,0,0,0,0,75,5400.235840,967,0,1,0.838591,-0.064672,-0.272000,2.988000,-0.645000,0.000000,3
9.011028,-21.198000,-25.450001,-4.586000,55.651001,30.422001,25.844000,165.787994,0.000000,0.000000,0.000000,0.000000,0.000000,0.000000,0.000000,264.000000,-1245.000000,189.000000,-1417.000000,205.000000,-71.000000,-32.000000,22.000000,22.000000,22.000000,22.000000,22.000000,22.000000,22.000000,34.000000,34.000000,35.000000,36.000000,36.000000,36.000000,37.000000,1,1,1,1,1,1,1,0,0,0,0,0,0,0,75,5400.235840,968,0,1,0.840137,-0.063070,-0.272000,2.988000,-0.645000,0.000000,3
9.021029,-22.115999,-25.181000,-3.996000,54.817001,30.219000,26.337999,166.542999,0.000000,0.000000,0.000000,0.000000,0.000000,0.000000,0.000000,264.000000,-1245.000000,189.000000,-1417.000000,205.000000,-71.000000,-32.000000,22.000000,22.000000,22.000000,22.000000,22.000000,22.000000,22.000000,34.000000,34.000000,35.000000,36.000000,36.000000,36.000000,37.000000,1,1,1,1,1,1,1,0,0,0,0,0,0,0,75,5400.235840,967,0,1,0.841744,-0.060936,-0.272000,2.988000,-0.645000,0.000000,3
9.031060,-22.900999,-25.018000,-3.451000,54.234001,30.038000,26.688000,167.164993,0.000000,0.000000,0.000000,0.000000,0.000000,0.000000,0.000000,264.000000,-1245.000000,189.000000,-1417.000000,205.000000,-71.000000,-32.000000,22.000000,22.000000,22.000000,22.000000,22.000000,22.000000,22.000000,34.000000,34.000000,35.000000,36.000000,36.000000,36.000000,37.000000,1,1,1,1,1,1,1,0,0,0,0,0,0,0,75,5400.234863,968,0,1,0.842856,-0.059007,-0.272000,2.989000,-0.645000,0.000000,3
9.041189,-23.691000,-24.915001,-2.866000,53.763000,29.849001,26.978001,167.770004,0.000000,0.000000,0.000000,0.000000,0.000000,0.000000,0.000000,264.000000,-1245.000000,189.000000,-1417.000000,205.000000,-71.000000,-32.000000,22.000000,22.000000,22.000000,22.000000,22.000000,22.000000,22.000000,34.000000,34.000000,35.000000,36.000000,36.000000,36.000000,37.000000,1,1,1,1,1,1,1,0,0,0,0,0,0,0,75,5400.232910,967,0,1,0.843747,-0.056966,-0.272000,2.988000,-0.645000,0.000000,3
9.051101,-24.476999,-24.875000,-2.252000,53.411999,29.657000,27.202000,168.350998,0.000000,0.000000,0.000000,0.000000,0.000000,0.000000,0.000000,264.000000,-1245.000000,189.000000,-1417.000000,205.000000,-71.000000,-32.000000,22.000000,22.000000,22.000000,22.000000,22.000000,22.000000,22.000000,34.000000,34.000000,35.000000,36.000000,36.000000,36.000000,37.000000,1,1,1,1,1,1,1,0,0,0,0,0,0,0,75,5400.235840,967,0,1,0.844405,-0.054839,-0.272000,2.988000,-0.645000,0.000000,3
9.061072,-25.396999,-24.910999,-1.490000,53.155998,29.430000,27.382000,169.005005,0.000000,0.000000,0.000000,0.000000,0.000000,0.000000,0.000000,264.000000,-1245.000000,189.000000,-1417.000000,205.000000,-71.000000,-32.000000,22.000000,22.000000,22.000000,22.000000,22.000000,22.000000,22.000000,34.000000,34.000000,35.000000,36.000000,36.000000,36.000000,37.000000,1,1,1,1,1,1,1,0,0,0,0,0,0,0,75,5400.234863,968,0,1,0.844877,-0.052209,-0.272000,2.988000,-0.645000,0.000000,3
9.071175,-26.134001,-25.011000,-0.847000,53.084999,29.246000,27.455999,169.505997,0.000000,0.000000,0.000000,0.000000,0.000000,0.000000,0.000000,264.000000,-1245.000000,189.000000,-1417.000000,205.000000,-71.000000,-32.000000,22.000000,22.000000,22.000000,22.000000,22.000000,22.000000,22.000000,34.000000,34.000000,35.000000,36.000000,36.000000,36.000000,37.000000,1,1,1,1,1,1,1,0,0,0,0,0,0,0,75,5400.235840,967,0,1,0.844999,-0.049986,-0.272000,2.988000,-0.645000,0.000000,3
9.081012,-26.417999,-25.069000,-0.591000,53.094002,29.176001,27.465000,169.694000,0.000000,0.000000,0.000000,0.000000,0.000000,0.000000,0.000000,264.000000,-1245.000000,189.000000,-1417.000000,205.000000,-71.000000,-32.000000,22.000000,22.000000,22.000000,22.000000,22.000000,22.000000,22.000000,34.000000,34.000000,35.000000,36.000000,36.000000,36.000000,37.000000,1,1,1,1,1,1,1,0,0,0,0,0,0,0,75,5400.234863,967,0,1,0.844979,-0.049095,-0.272001,2.988000,-0.645000,0.000000,3
9.091123,-27.478001,-25.396999,0.413000,53.337002,28.914000,27.391001,170.365997,0.000000,0.000000,0.000000,0.000000,0.000000,0.000000,0.000000,264.000000,-1245.000000,189.000000,-1417.000000,205.000000,-71.000000,-32.000000,22.000000,22.000000,22.000000,22.000000,22.000000,22.000000,22.000000,34.000000,34.000000,35.000000,36.000000,36.000000,36.000000,37.000000,1,1,1,1,1,1,1,0,0,0,0,0,0,0,75,5400.235840,968,0,1,0.844502,-0.045567,-0.272001,2.988000,-0.645000,0.000000,3
9.101021,-27.722000,-25.502001,0.656000,53.449001,28.854000,27.344000,170.513000,0.000000,0.000000,0.000000,0.000000,0.000000,0.000000,0.000000,264.000000,-1245.000000,189.000000,-1417.000000,205.000000,-71.000000,-32.000000,22.000000,22.000000,22.000000,22.000000,22.000000,22.000000,22.000000,34.000000,34.000000,35.000000,36.000000,36.000000,36.000000,37.000000,1,1,1,1,1,1,1,0,0,0,0,0,0,0,75,5400.235840,967,0,1,0.844285,-0.044703,-0.272001,2.988000,-0.645000,0.000000,3
9.111030,-28.591999,-26.006001,1.576000,54.094002,28.645000,27.051001,171.009003,0.000000,0.000000,0.000000,0.000000,0.000000,0.000000,0.000000,264.000000,-1245.000000,189.000000,-1417.000000,205.000000,-71.000000,-32.000000,22.000000,22.000000,22.000000,22.000000,22.000000,22.000000,22.000000,34.000000,34.000000,35.000000,36.000000,36.000000,36.000000,37.000000,1,1,1,1,1,1,1,0,0,0,0,0,0,0,75,5400.237793,967,0,1,0.843041,-0.041368,-0.272000,2.988000,-0.645000,0.000000,3
9.121051,-28.871000,-26.226999,1.896000,54.412998,28.577999,26.899000,171.156006,0.000000,0.000000,0.000000,0.000000,0.000000,0.000000,0.000000,264.000000,-1245.000000,189.000000,-1417.000000,205.000000,-71.000000,-32.000000,22.000000,22.000000,22.000000,22.000000,22.000000,22.000000,22.000000,34.000000,34.000000,35.000000,36.000000,36.000000,36.000000,37.000000,1,1,1,1,1,1,1,0,0,0,0,0,0,0,75,5400.235840,968,0,1,0.842424,-0.040182,-0.272000,2.988000,-0.645000,0.000000,3
9.131044,-29.275999,-26.628000,2.394000,55.029999,28.483000,26.596001,171.354996,0.000000,0.000000,0.000000,0.000000,0.000000,0.000000,0.000000,264.000000,-1245.000000,189.000000,-1417.000000,205.000000,-71.000000,-32.000000,22.000000,22.000000,22.000000,22.000000,22.000000,22.000000,22.000000,34.000000,34.000000,35.000000,36.000000,36.000000,36.000000,37.000000,1,1,1,1,1,1,1,0,0,0,0,0,0,0,75,5400.235840,968,0,1,0.841225,-0.038306,-0.272000,2.988000,-0.645000,0.000000,3
9.141065,-29.656000,-27.156000,2.926000,55.900002,28.393000,26.159000,171.513000,0.000000,0.000000,0.000000,0.000000,0.000000,0.000000,0.000000,264.000000,-1245.000000,189.000000,-1417.000000,205.000000,-71.000000,-32.000000,22.000000,22.000000,22.000000,22.000000,22.000000,22.000000,22.000000,34.000000,34.000000,35.000000,36.000000,36.000000,36.000000,37.000000,1,1,1,1,1,1,1,0,0,0,0,0,0,0,75,5400.234863,967,0,1,0.839522,-0.036248,-0.272000,2.988000,-0.645000,0.000000,3
9.151125,-29.881001,-27.625000,3.311000,56.720001,28.337000,25.737000,171.580002,0.000000,0.000000,0.000000,0.000000,0.000000,0.000000,0.000000,264.000000,-1245.000000,189.000000,-1417.000000,205.000000,-71.000000,-32.000000,22.000000,22.000000,22.000000,22.000000,22.000000,22.000000,22.000000,34.000000,34.000000,35.000000,36.000000,36.000000,36.000000,37.000000,1,1,1,1,1,1,1,0,0,0,0,0,0,0,75,5400.234863,968,0,1,0.837903,-0.034719,-0.272000,2.988000,-0.645000,0.000000,3
9.161109,-30.018999,-28.114000,3.640000,57.612999,28.296000,25.271000,171.589005,0.000000,0.000000,0.000000,0.000000,0.000000,0.000000,0.000000,264.000000,-1245.000000,189.000000,-1417.000000,205.000000,-71.000000,-32.000000,22.000000,22.000000,22.000000,22.000000,22.000000,22.000000,22.000000,34.000000,34.000000,35.000000,36.000000,36.000000,36.000000,37.000000,1,1,1,1,1,1,1,0,0,0,0,0,0,0,75,5400.234863,967,0,1,0.836125,-0.033380,-0.272000,2.988000,-0.645000,0.000000,3
9.171219,-30.072001,-28.613001,3.911000,58.563000,28.268999,24.766001,171.541000,0.000000,0.000000,0.000000,0.000000,0.000000,0.000000,0.000000,264.000000,-1245.000000,189.000000,-1417.000000,205.000000,-71.000000,-32.000000,22.000000,22.000000,22.000000,22.000000,22.000000,22.000000,22.000000,34.000000,34.000000,35.000000,36.000000,36.000000,36.000000,37.000000,1,1,1,1,1,1,1,0,0,0,0,0,0,0,75,5400.235840,967,0,1,0.834215,-0.032249,-0.272000,2.988000,-0.645000,0.000000,3
9.181087,-30.028000,-29.177000,4.146000,59.683998,28.250000,24.160999,171.425003,0.000000,0.000000,0.000000,0.000000,0.000000,0.000000,0.000000,264.000000,-1245.000000,189.000000,-1417.000000,205.000000,-71.000000,-32.000000,22.000000,22.000000,22.000000,22.000000,22.000000,22.000000,22.000000,34.000000,34.000000,35.000000,36.000000,36.000000,36.000000,37.000000,1,1,1,1,1,1,1,0,0,0,0,0,0,0,75,5400.235840,968,0,1,0.831938,-0.031242,-0.272000,2.988000,-0.645000,0.000000,3
9.191130,-29.927999,-29.583000,4.271000,60.520000,28.240000,23.702000,171.304001,0.000000,0.000000,0.000000,0.000000,0.000000,0.000000,0.000000,264.000000,-1245.000000,189.000000,-1417.000000,205.000000,-71.000000,-32.000000,22.000000,22.000000,22.000000,22.000000,22.000000,22.000000,22.000000,34.000000,34.000000,35.000000,36.000000,36.000000,36.000000,37.000000,1,1,1,1,1,1,1,0,0,0,0,0,0,0,75,5400.235840,967,0,1,0.830224,-0.030694,-0.272000,2.988000,-0.645000,0.000000,3
9.201081,-29.794001,-29.936001,4.349000,61.270000,28.231001,23.284000,171.171005,0.000000,0.000000,0.000000,0.000000,0.000000,0.000000,0.000000,264.000000,-1245.000000,189.000000,-1417.000000,205.000000,-71.000000,-32.000000,22.000000,22.000000,22.000000,22.000000,22.000000,22.000000,22.000000,34.000000,34.000000,35.000000,36.000000,36.000000,36.000000,37.000000,1,1,1,1,1,1,1,0,0,0,0,0,0,0,75,5400.237793,968,0,1,0.828674,-0.030340,-0.272000,2.988000,-0.645000,0.000000,3
9.211190,-29.620001,-30.271000,4.394000,62.001999,28.225000,22.871000,171.018005,0.000000,0.000000,0.000000,0.000000,0.000000,0.000000,0.000000,264.000000,-1245.000000,189.000000,-1417.000000,205.000000,-71.000000,-32.000000,22.000000,22.000000,22.000000,22.000000,22.000000,22.000000,22.000000,34.000000,34.000000,35.000000,36.000000,36.000000,36.000000,37.000000,1,1,1,1,1,1,1,0,0,0,0,0,0,0,75,5400.234863,968,0,1,0.827151,-0.030130,-0.272000,2.988000,-0.645000,0.000000,0
9.221075,-29.497000,-30.468000,4.408000,62.443001,28.222000,22.620001,170.917007,0.000000,0.000000,0.000000,0.000000,0.000000,0.000000,0.000000,264.000000,-1245.000000,189.000000,-1417.000000,205.000000,-71.000000,-32.000000,22.000000,22.000000,22.000000,22.000000,22.000000,22.000000,22.000000,34.000000,34.000000,35.000000,36.000000,36.000000,36.000000,37.000000,1,1,1,1,1,1,1,0,0,0,0,0,0,0,75,5400.234863,967,0,1,0.826230,-0.030058,-0.272000,2.988000,-0.645000,0.000000,0
9.231123,-29.275000,-30.790001,4.417000,63.174999,28.218000,22.201000,170.737000,0.000000,0.000000,0.000000,0.000000,0.000000,0.000000,0.000000,264.000000,-1245.000000,189.000000,-1417.000000,205.000000,-71.000000,-32.000000,22.000000,22.000000,22.000000,22.000000,22.000000,22.000000,22.000000,34.000000,34.000000,35.000000,36.000000,36.000000,36.000000,37.000000,1,1,1,1,1,1,1,0,0,0,0,0,0,0,75,5400.234863,967,0,1,0.824692,-0.030003,-0.271999,2.988000,-0.645000,0.000000,0
9.241153,-29.038000,-31.106001,4.415000,63.901001,28.212999,21.782000,170.552002,0.000000,0.000000,0.000000,0.000000,0.000000,0.000000,0.000000,264.000000,-1245.000000,189.000000,-1417.000000,205.000000,-71.000000,-32.000000,22.000000,22.000000,22.000000,22.000000,22.000000,22.000000,22.000000,34.000000,34.000000,35.000000,36.000000,36.000000,36.000000,37.000000,1,1,1,1,1,1,1,0,0,0,0,0,0,0,75,5400.235840,968,0,1,0.823153,-0.029994,-0.272000,2.988000,-0.645000,0.000000,0
9.251037,-28.752001,-31.479000,4.410000,64.762001,28.207001,21.284000,170.330994,0.000000,0.000000,0.000000,0.000000,0.000000,0.000000,0.000000,264.000000,-1245.000000,189.000000,-1417.000000,205.000000,-71.000000,-32.000000,22.000000,22.000000,22.000000,22.000000,22.000000,22.000000,22.000000,34.000000,34.000000,35.000000,36.000000,36.000000,36.000000,37.000000,1,1,1,1,1,1,1,0,0,0,0,0,0,0,75,5400.235840,967,0,1,0.821307,-0.030000,-0.271999,2.988000,-0.645000,0.000000,1
9.261021,-28.517000,-31.785999,4.408000,65.470001,28.201000,20.872999,170.151993,0.000000,0.000000,0.000000,0.000000,0.000000,0.000000,0.000000,264.000000,-1245.000000,189.000000,-1417.000000,205.000000,-71.000000,-32.000000,22.000000,22.000000,22.000000,22.000000,22.000000,22.000000,22.000000,34.000000,34.000000,35.000000,36.000000,36.000000,36.000000,37.000000,1,1,1,1,1,1,1,0,0,0,0,0,0,0,75,5400.234863,968,0,1,0.819768,-0.030000,-0.272000,2.989000,-0.645000,0.000000,1
9.271190,-28.278999,-32.092999,4.403000,66.176003,28.193001,20.469000,169.973999,0.000000,0.000000,0.000000,0.000000,0.000000,0.000000,0.000000,264.000000,-1245.000000,189.000000,-1417.000000,205.000000,-71.000000,-32.000000,22.000000,22.000000,22.000000,22.000000,22.000000,22.000000,22.000000,34.000000,34.000000,35.000000,36.000000,36.000000,36.000000,37.000000,1,1,1,1,1,1,1,0,0,0,0,0,0,0,75,5400.235840,968,0,1,0.818202,-0.030000,-0.272000,2.989000,-0.645000,0.000000,1
9.281097,-28.035999,-32.402000,4.394000,66.882004,28.184000,20.073999,169.796005,0.000000,0.000000,0.000000,0.000000,0.000000,0.000000,0.000000,264.000000,-1245.000000,189.000000,-1417.000000,205.000000,-71.000000,-32.000000,22.000000,22.000000,22.000000,22.000000,22.000000,22.000000,22.000000,34.000000,34.000000,35.000000,36.000000,36.000000,36.000000,37.000000,1,1,1,1,1,1,1,0,0,0,0,0,0,0,75,5400.234863,967,0,1,0.816588,-0.030000,-0.271999,2.989000,-0.645000,0.000000,1
9.291079,-27.733999,-32.778999,4.375000,67.734001,28.172001,19.614000,169.580002,0.000000,0.000000,0.000000,0.000000,0.000000,0.000000,0.000000,264.000000,-1245.000000,189.000000,-1417.000000,205.000000,-71.000000,-32.000000,22.000000,22.000000,22.000000,22.000000,22.000000,22.000000,22.000000,34.000000,34.000000,35.000000,36.000000,36.000000,36.000000,37.000000,1,1,1,1,1,1,1,0,0,0,0,0,0,0,75,5400.234863,967,0,1,0.814556,-0.030000,-0.272000,2.989000,-0.645000,0.000000,1
9.301070,-27.629999,-32.908001,4.366000,68.019997,28.167000,19.466000,169.507004,0.000000,0.000000,0.000000,0.000000,0.000000,0.000000,0.000000,264.000000,-1245.000000,189.000000,-1417.000000,205.000000,-71.000000,-32.000000,22.000000,22.000000,22.000000,22.000000,22.000000,22.000000,22.000000,34.000000,34.000000,35.000000,36.000000,36.000000,36.000000,37.000000,1,1,1,1,1,1,1,0,0,0,0,0,0,0,75,5400.234863,968,0,1,0.813850,-0.030000,-0.271999,2.989000,-0.645000,0.000000,1
9.311018,-27.469999,-33.102001,4.350000,68.450996,28.158001,19.247000,169.395996,0.000000,0.000000,0.000000,0.000000,0.000000,0.000000,0.000000,264.000000,-1245.000000,189.000000,-1417.000000,205.000000,-71.000000,-32.000000,22.000000,22.000000,22.000000,22.000000,22.000000,22.000000,22.000000,34.000000,34.000000,35.000000,36.000000,36.000000,36.000000,37.000000,1,1,1,1,1,1,1,0,0,0,0,0,0,0,75,5400.235840,967,0,1,0.812760,-0.030000,-0.272000,2.989000,-0.644000,0.000000,1
9.321045,-27.135000,-33.502998,4.307000,69.324997,28.139000,18.830000,169.169006,0.000000,0.000000,0.000000,0.000000,0.000000,0.000000,0.000000,264.000000,-1245.000000,189.000000,-1417.000000,205.000000,-71.000000,-32.000000,22.000000,22.000000,22.000000,22.000000,22.000000,22.000000,22.000000,34.000000,34.000000,35.000000,36.000000,36.000000,36.000000,37.000000,1,1,1,1,1,1,1,0,0,0,0,0,0,0,75,5400.234863,968,0,1,0.810450,-0.030000,-0.271999,2.989000,-0.643000,0.000000,1
9.331092,-26.839001,-33.851002,4.257000,70.067001,28.120001,18.506001,168.975006,0.000000,0.000000,0.000000,0.000000,0.000000,0.000000,0.000000,264.000000,-1245.000000,189.000000,-1417.000000,205.000000,-71.000000,-32.000000,22.000000,22.000000,22.000000,22.000000,22.000000,22.000000,22.000000,34.000000,34.000000,35.000000,36.000000,36.000000,36.000000,37.000000,1,1,1,1,1,1,1,0,0,0,0,0,0,0,75,5400.235840,967,0,1,0.808373,-0.030000,-0.272000,2.989000,-0.642000,0.000000,1
9.341021,-26.653999,-34.067001,4.221000,70.517998,28.106001,18.322001,168.854996,0.000000,0.000000,0.000000,0.000000,0.000000,0.000000,0.000000,264.000000,-1245.000000,189.000000,-1417.000000,205.000000,-71.000000,-32.000000,22.000000,22.000000,22.000000,22.000000,22.000000,22.000000,22.000000,34.000000,34.000000,35.000000,36.000000,36.000000,36.000000,37.000000,1,1,1,1,1,1,1,0,0,0,0,0,0,0,75,5400.235840,968,0,1,0.807052,-0.030000,-0.272000,2.990000,-0.641000,0.000000,1
9.351093,-26.527000,-34.214001,4.194000,70.822998,28.097000,18.205000,168.774002,0.000000,0.000000,0.000000,0.000000,0.000000,0.000000,0.000000,264.000000,-1245.000000,189.000000,-1417.000000,205.000000,-71.000000,-32.000000,22.000000,22.000000,22.000000,22.000000,22.000000,22.000000,22.000000,34.000000,34.000000,35.000000,36.000000,36.000000,36.000000,37.000000,1,1,1,1,1,1,1,0,0,0,0,0,0,0,75,5400.235840,967,0,1,0.806138,-0.030000,-0.272000,2.990000,-0.640000,0.000000,1
9.361112,-26.128000,-34.669998,4.099000,71.750999,28.063000,17.879000,168.524994,0.000000,0.000000,0.000000,0.000000,0.000000,0.000000,0.000000,264.000000,-1245.000000,189.000000,-1417.000000,205.000000,-71.000000,-32.000000,22.000000,22.000000,22.000000,22.000000,22.000000,22.000000,22.000000,34.000000,34.000000,35.000000,36.000000,36.000000,36.000000,37.000000,1,1,1,1,1,1,1,0,0,0,0,0,0,0,75,5400.235840,967,0,1,0.803224,-0.030000,-0.272000,2.990000,-0.637000,0.000000,1
9.371069,-25.775000,-35.070999,4.003000,72.544998,28.031000,17.639999,168.309998,0.000000,0.000000,0.000000,0.000000,0.000000,0.000000,0.000000,264.000000,-1245.000000,189.000000,-1417.000000,205.000000,-71.000000,-32.000000,22.000000,22.000000,22.000000,22.000000,22.000000,22.000000,22.000000,34.000000,34.000000,35.000000,36.000000,36.000000,36.000000,37.000000,1,1,1,1,1,1,1,0,0,0,0,0,0,0,75,5400.235840,967,0,1,0.800582,-0.030000,-0.272000,2.991000,-0.635000,0.000000,1
9.381055,-25.403000,-35.492001,3.890000,73.357002,27.993000,17.433001,168.087997,0.000000,0.000000,0.000000,0.000000,0.000000,0.000000,0.000000,264.000000,-1245.000000,189.000000,-1417.000000,205.000000,-71.000000,-32.000000,22.000000,22.000000,22.000000,22.000000,22.000000,22.000000,22.000000,34.000000,34.000000,35.000000,36.000000,36.000000,36.000000,37.000000,1,1,1,1,1,1,1,0,0,0,0,0,0,0,75,5400.235840,967,0,1,0.797731,-0.030000,-0.272000,2.992000,-0.631000,-0.001000,1
9.391070,-24.933001,-36.025002,3.733000,74.358002,27.940001,17.231001,167.813004,0.000000,0.000000,0.000000,0.000000,0.000000,0.000000,0.000000,264.000000,-1245.000000,189.000000,-1417.000000,205.000000,-71.000000,-32.000000,22.000000,22.000000,22.000000,22.000000,22.000000,22.000000,22.000000,34.000000,34.000000,35.000000,36.000000,36.000000,36.000000,37.000000,1,1,1,1,1,1,1,0,0,0,0,0,0,0,75,5400.234863,967,0,1,0.794015,-0.030000,-0.272000,2.993000,-0.627000,-0.001000,1
9.401093,-24.521999,-36.493999,3.584000,75.212997,27.889000,17.105000,167.576004,0.000000,0.000000,0.000000,0.000000,0.000000,0.000000,0.000000,264.000000,-1245.000000,189.000000,-1417.000000,205.000000,-71.000000,-32.000000,22.000000,22.000000,22.000000,22.000000,22.000000,22.000000,22.000000,34.000000,34.000000,35.000000,36.000000,36.000000,36.000000,37.000000,1,1,1,1,1,1,1,0,0,0,0,0,0,0,75,5400.235840,967,0,1,0.790659,-0.030000,-0.272000,2.994000,-0.622000,-0.001000,1
9.411118,-24.267000,-36.785999,3.486000,75.735001,27.856001,17.048000,167.431000,0.000000,0.000000,0.000000,0.000000,0.000000,0.000000,0.000000,264.000000,-1245.000000,189.000000,-1417.000000,205.000000,-71.000000,-32.000000,22.000000,22.000000,22.000000,22.000000,22.000000,22.000000,22.000000,34.000000,34.000000,35.000000,36.000000,36.000000,36.000000,37.000000,1,1,1,1,1,1,1,0,0,0,0,0,0,0,75,5400.234863,967,0,1,0.788527,-0.030000,-0.272000,2.995000,-0.619000,-0.001000,1
9.421054,-23.830999,-37.292000,3.309000,76.622002,27.795000,16.987000,167.184998,0.000000,0.000000,0.000000,0.000000,0.000000,0.000000,0.000000,264.000000,-1245.000000,189.000000,-1417.000000,205.000000,-71.000000,-32.000000,22.000000,22.000000,22.000000,22.000000,22.000000,22.000000,22.000000,34.000000,34.000000,35.000000,36.000000,36.000000,36.000000,37.000000,1,1,1,1,1,1,1,0,0,0,0,0,0,0,75,5400.235840,967,0,1,0.784772,-0.030000,-0.272000,2.996000,-0.614000,-0.002000,1
9.431052,-23.379999,-37.820999,3.116000,77.526001,27.726999,16.969999,166.934006,0.000000,0.000000,0.000000,0.000000,0.000000,0.000000,0.000000,264.000000,-1245.000000,189.000000,-1417.000000,205.000000,-71.000000,-32.000000,22.000000,22.000000,22.000000,22.000000,22.000000,22.000000,22.000000,34.000000,34.000000,35.000000,36.000000,36.000000,36.000000,37.000000,1,1,1,1,1,1,1,0,0,0,0,0,0,0,75,5400.235840,968,0,1,0.780757,-0.030000,-0.272000,2.997000,-0.608000,-0.002000,1
9.441133,-22.825001,-38.487000,2.863000,78.634003,27.636999,17.010000,166.626007,0.000000,0.000000,0.000000,0.000000,0.000000,0.000000,0.000000,264.000000,-1245.000000,189.000000,-1417.000000,205.000000,-71.000000,-32.000000,22.000000,22.000000,22.000000,22.000000,22.000000,22.000000,22.000000,34.000000,34.000000,35.000000,36.000000,36.000000,36.000000,37.000000,1,1,1,1,1,1,1,0,0,0,0,0,0,0,75,5400.235840,968,0,1,0.775590,-0.030000,-0.272000,2.999000,-0.600000,-0.003000,1
9.451120,-22.351999,-39.067001,2.635000,79.574997,27.552999,17.096001,166.365997,0.000000,0.000000,0.000000,0.000000,0.000000,0.000000,0.000000,264.000000,-1245.000000,189.000000,-1417.000000,205.000000,-71.000000,-32.000000,22.000000,22.000000,22.000000,22.000000,22.000000,22.000000,22.000000,34.000000,34.000000,35.000000,36.000000,36.000000,36.000000,37.000000,1,1,1,1,1,1,1,0,0,0,0,0,0,0,75,5400.235840,968,0,1,0.770988,-0.030000,-0.272000,3.001000,-0.592000,-0.003000,1
9.461136,-21.775000,-39.792999,2.343000,80.723000,27.444000,17.263000,166.048996,0.000000,0.000000,0.000000,0.000000,0.000000,0.000000,0.000000,264.000000,-1245.000000,189.000000,-1417.000000,205.000000,-71.000000,-32.000000,22.000000,22.000000,22.000000,22.000000,22.000000,22.000000,22.000000,34.000000,34.000000,35.000000,36.000000,36.000000,36.000000,37.000000,1,1,1,1,1,1,1,0,0,0,0,0,0,0,75,5400.234863,968,0,1,0.765109,-0.030000,-0.272000,3.003000,-0.583000,-0.004000,1
9.471042,-21.290001,-40.421001,2.084000,81.692001,27.344000,17.458000,165.781998,0.000000,0.000000,0.000000,0.000000,0.000000,0.000000,0.000000,264.000000,-1245.000000,189.000000,-1417.000000,205.000000,-71.000000,-32.000000,22.000000,22.000000,22.000000,22.000000,22.000000,22.000000,22.000000,34.000000,34.000000,35.000000,36.000000,36.000000,36.000000,37.000000,1,1,1,1,1,1,1,0,0,0,0,0,0,0,75,5400.234863,968,0,1,0.759912,-0.030000,-0.272000,3.005000,-0.574000,-0.004000,1
9.481050,-21.096001,-40.678001,1.977000,82.082001,27.302000,17.549000,165.675003,0.000000,0.000000,0.000000,0.000000,0.000000,0.000000,0.000000,264.000000,-1245.000000,189.000000,-1417.000000,205.000000,-71.000000,-32.000000,22.000000,22.000000,22.000000,22.000000,22.000000,22.000000,22.000000,34.000000,34.000000,35.000000,36.000000,36.000000,36.000000,37.000000,1,1,1,1,1,1,1,0,0,0,0,0,0,0,75,5400.235840,966,0,1,0.757758,-0.030000,-0.272000,3.006000,-0.570000,-0.004000,1
9.491098,-20.608999,-41.333000,1.702000,83.064003,27.191000,17.813999,165.406998,0.000000,0.000000,0.000000,0.000000,0.000000,0.000000,0.000000,264.000000,-1245.000000,189.000000,-1417.000000,205.000000,-71.000000,-32.000000,22.000000,22.000000,22.000000,22.000000,22.000000,22.000000,22.000000,34.000000,34.000000,35.000000,36.000000,36.000000,36.000000,37.000000,1,1,1,1,1,1,1,0,0,0,0,0,0,0,75,5400.235840,967,0,1,0.752187,-0.029999,-0.272000,3.008000,-0.560000,-0.005000,1
9.501067,-20.028000,-42.144001,1.356000,84.250999,27.049000,18.198999,165.084000,0.000000,0.000000,0.000000,0.000000,0.000000,0.000000,0.000000,264.000000,-1245.000000,189.000000,-1417.000000,205.000000,-71.000000,-32.000000,22.000000,22.000000,22.000000,22.000000,22.000000,22.000000,22.000000,34.000000,34.000000,35.000000,36.000000,36.000000,36.000000,37.000000,1,1,1,1,1,1,1,0,0,0,0,0,0,0,75,5400.235840,968,0,1,0.745157,-0.029999,-0.272000,3.011000,-0.548000,-0.006000,1
9.511139,-19.548000,-42.835999,1.057000,85.244003,26.921000,18.573999,164.815002,0.000000,0.000000,0.000000,0.000000,0.000000,0.000000,0.000000,264.000000,-1245.000000,189.000000,-1417.000000,205.000000,-71.000000,-32.000000,22.000000,22.000000,22.000000,22.000000,22.000000,22.000000,22.000000,34.000000,34.000000,35.000000,36.000000,36.000000,36.000000,37.000000,1,1,1,1,1,1,1,0,0,0,0,0,0,0,75,5400.235840,967,0,1,0.739019,-0.029999,-0.272000,3.013000,-0.536000,-0.006000,1
9.521088,-19.073999,-43.542999,0.750000,86.237999,26.785000,18.997999,164.546997,0.000000,0.000000,0.000000,0.000000,0.000000,0.000000,0.000000,264.000000,-1245.000000,189.000000,-1417.000000,205.000000,-71.000000,-32.000000,22.000000,22.000000,22.000000,22.000000,22.000000,22.000000,22.000000,34.000000,34.000000,35.000000,36.000000,36.000000,36.000000,37.000000,1,1,1,1,1,1,1,0,0,0,0,0,0,0,75,5400.235840,967,0,1,0.732637,-0.029999,-0.272000,3.016000,-0.525000,-0.007000,1
9.531142,-18.607000,-44.259998,0.434000,87.232002,26.642000,19.469000,164.279999,0.000000,0.000000,0.000000,0.000000,0.000000,0.000000,0.000000,264.000000,-1245.000000,189.000000,-1417.000000,205.000000,-71.000000,-32.000000,22.000000,22.000000,22.000000,22.000000,22.000000,22.000000,22.000000,34.000000,34.000000,35.000000,36.000000,36.000000,36.000000,37.000000,1,1,1,1,1,1,1,0,0,0,0,0,0,0,75,5400.234863,967,0,1,0.726020,-0.029999,-0.272000,3.019000,-0.512000,-0.007000,1
9.541242,-18.150000,-44.987000,0.112000,88.223000,26.490000,19.985001,164.014999,0.000000,0.000000,0.000000,0.000000,0.000000,0.000000,0.000000,264.000000,-1245.000000,189.000000,-1417.000000,205.000000,-71.000000,-32.000000,22.000000,22.000000,22.000000,22.000000,22.000000,22.000000,22.000000,34.000000,34.000000,35.000000,36.000000,36.000000,36.000000,37.000000,1,1,1,1,1,1,1,0,0,0,0,0,0,0,75,5400.235840,967,0,1,0.719181,-0.029999,-0.272000,3.021000,-0.499000,-0.007000,1
9.551135,-17.615999,-45.868000,-0.282000,89.405998,26.298000,20.660000,163.699005,0.000000,0.000000,0.000000,0.000000,0.000000,0.000000,0.000000,264.000000,-1245.000000,189.000000,-1417.000000,205.000000,-71.000000,-32.000000,22.000000,22.000000,22.000000,22.000000,22.000000,22.000000,22.000000,34.000000,34.000000,35.000000,36.000000,36.000000,36.000000,37.000000,1,1,1,1,1,1,1,0,0,0,0,0,0,0,75,5400.235840,968,0,1,0.710698,-0.029999,-0.272000,3.025000,-0.483000,-0.008000,1
9.561217,-17.184000,-46.606998,-0.615000,90.384003,26.129000,21.266001,163.438004,0.000000,0.000000,0.000000,0.000000,0.000000,0.000000,0.000000,264.000000,-1245.000000,189.000000,-1417.000000,205.000000,-71.000000,-32.000000,22.000000,22.000000,22.000000,22.000000,22.000000,22.000000,22.000000,34.000000,34.000000,35.000000,36.000000,36.000000,36.000000,37.000000,1,1,1,1,1,1,1,0,0,0,0,0,0,0,75,5400.235840,967,0,1,0.703417,-0.029999,-0.272000,3.028000,-0.469000,-0.008000,1
9.571104,-16.930000,-47.050999,-0.817000,90.967003,26.023001,21.646999,163.283005,0.000000,0.000000,0.000000,0.000000,0.000000,0.000000,0.000000,264.000000,-1245.000000,189.000000,-1417.000000,205.000000,-71.000000,-32.000000,22.000000,22.000000,22.000000,22.000000,22.000000,22.000000,22.000000,34.000000,34.000000,35.000000,36.000000,36.000000,36.000000,37.000000,1,1,1,1,1,1,1,0,0,0,0,0,0,0,75,5400.235840,968,0,1,0.698963,-0.029999,-0.272000,3.029000,-0.461000,-0.009000,1
9.581170,-16.358000,-48.085999,-1.293000,92.313004,25.767000,22.580999,162.923996,0.000000,0.000000,0.000000,0.000000,0.000000,0.000000,0.000000,264.000000,-1245.000000,189.000000,-1417.000000,205.000000,-71.000000,-32.000000,22.000000,22.000000,22.000000,22.000000,22.000000,22.000000,22.000000,34.000000,34.000000,35.000000,36.000000,36.000000,36.000000,37.000000,1,1,1,1,1,1,1,0,0,0,0,0,0,0,75,5400.235840,967,0,1,0.688347,-0.029999,-0.272000,3.034000,-0.440000,-0.009000,1
9.591122,-15.888000,-48.967999,-1.703000,93.448997,25.537001,23.424000,162.619995,0.000000,0.000000,0.000000,0.000000,0.000000,0.000000,0.000000,264.000000,-1245.000000,189.000000,-1417.000000,205.000000,-71.000000,-32.000000,22.000000,22.000000,22.000000,22.000000,22.000000,22.000000,22.000000,34.000000,34.000000,35.000000,36.000000,36.000000,36.000000,37.000000,1,1,1,1,1,1,1,0,0,0,0,0,0,0,75,5400.234863,968,0,1,0.679029,-0.029999,-0.272000,3.037000,-0.422000,-0.009000,1
9.601096,-15.512000,-49.695999,-2.045000,94.383003,25.337000,24.152000,162.371002,0.000000,0.000000,0.000000,0.000000,0.000000,0.000000,0.000000,264.000000,-1245.000000,189.000000,-1417.000000,205.000000,-71.000000,-32.000000,22.000000,22.000000,22.000000,22.000000,22.000000,22.000000,22.000000,34.000000,34.000000,35.000000,36.000000,36.000000,36.000000,37.000000,1,1,1,1,1,1,1,0,0,0,0,0,0,0,75,5400.235840,968,0,1,0.671134,-0.029999,-0.272000,3.040000,-0.407000,-0.009000,1
9.611185,-15.293000,-50.129002,-2.250000,94.936996,25.214001,24.598000,162.222000,0.000000,0.000000,0.000000,0.000000,0.000000,0.000000,0.000000,264.000000,-1245.000000,189.000000,-1417.000000,205.000000,-71.000000,-32.000000,22.000000,22.000000,22.000000,22.000000,22.000000,22.000000,22.000000,34.000000,34.000000,35.000000,36.000000,36.000000,36.000000,37.000000,1,1,1,1,1,1,1,0,0,0,0,0,0,0,75,5400.235840,968,0,1,0.666351,-0.029999,-0.272000,3.042000,-0.397000,-0.010000,1
9.621216,-14.939000,-50.842999,-2.591000,95.849998,25.004000,25.351000,161.975998,0.000000,0.000000,0.000000,0.000000,0.000000,0.000000,0.000000,264.000000,-1245.000000,189.000000,-1417.000000,205.000000,-71.000000,-32.000000,22.000000,22.000000,22.000000,22.000000,22.000000,22.000000,22.000000,34.000000,34.000000,35.000000,36.000000,36.000000,36.000000,37.000000,1,1,1,1,1,1,1,0,0,0,0,0,0,0,75,5400.234863,968,0,1,0.658314,-0.029998,-0.272000,3.045000,-0.382000,-0.010000,1
9.631134,-14.533000,-51.683998,-2.997000,96.928001,24.745001,26.268000,161.684998,0.000000,0.000000,0.000000,0.000000,0.000000,0.000000,0.000000,264.000000,-1245.000000,189.000000,-1417.000000,205.000000,-71.000000,-32.000000,22.000000,22.000000,22.000000,22.000000,22.000000,22.000000,22.000000,34.000000,34.000000,35.000000,36.000000,36.000000,36.000000,37.000000,1,1,1,1,1,1,1,0,0,0,0,0,0,0,75,5400.235840,967,0,1,0.648590,-0.029998,-0.272000,3.049000,-0.363000,-0.010000,1
9.641157,-14.209000,-52.369999,-3.332000,97.810997,24.524000,27.035999,161.445007,0.000000,0.000000,0.000000,0.000000,0.000000,0.000000,0.000000,264.000000,-1245.000000,189.000000,-1417.000000,205.000000,-71.000000,-32.000000,22.000000,22.000000,22.000000,22.000000,22.000000,22.000000,22.000000,34.000000,34.000000,35.000000,36.000000,36.000000,36.000000,37.000000,1,1,1,1,1,1,1,0,0,0,0,0,0,0,75,5400.234863,967,0,1,0.640447,-0.029998,-0.272000,3.052000,-0.347000,-0.010000,1
9.651178,-13.899000,-53.040001,-3.663000,98.680000,24.299000,27.804001,161.207993,0.000000,0.000000,0.000000,0.000000,0.000000,0.000000,0.000000,264.000000,-1245.000000,189.000000,-1417.000000,205.000000,-71.000000,-32.000000,22.000000,22.000000,22.000000,22.000000,22.000000,22.000000,22.000000,34.000000,34.000000,35.000000,36.000000,36.000000,36.000000,37.000000,1,1,1,1,1,1,1,0,0,0,0,0,0,0,75,5400.235840,968,0,1,0.632290,-0.029998,-0.272000,3.055000,-0.331000,-0.010000,1
9.661239,-13.602000,-53.694000,-3.990000,99.533997,24.072001,28.568001,160.973999,0.000000,0.000000,0.000000,0.000000,0.000000,0.000000,0.000000,264.000000,-1245.000000,189.000000,-1417.000000,205.000000,-71.000000,-32.000000,22.000000,22.000000,22.000000,22.000000,22.000000,22.000000,22.000000,34.000000,34.000000,35.000000,36.000000,36.000000,36.000000,37.000000,1,1,1,1,1,1,1,0,0,0,0,0,0,0,75,5400.234863,967,0,1,0.624142,-0.029998,-0.272000,3.058000,-0.315000,-0.010000,1
9.671272,-13.318000,-54.328999,-4.312000,100.373001,23.841999,29.322001,160.742004,0.000000,0.000000,0.000000,0.000000,0.000000,0.000000,0.000000,264.000000,-1245.000000,189.000000,-1417.000000,205.000000,-71.000000,-32.000000,22.000000,22.000000,22.000000,22.000000,22.000000,22.000000,22.000000,34.000000,34.000000,35.000000,36.000000,36.000000,36.000000,37.000000,1,1,1,1,1,1,1,0,0,0,0,0,0,0,75,5400.235840,968,0,1,0.616025,-0.029998,-0.272000,3.061000,-0.299000,-0.009000,1
9.681146,-13.047000,-54.945999,-4.628000,101.197998,23.610001,30.063999,160.513000,0.000000,0.000000,0.000000,0.000000,0.000000,0.000000,0.000000,264.000000,-1245.000000,189.000000,-1417.000000,205.000000,-71.000000,-32.000000,22.000000,22.000000,22.000000,22.000000,22.000000,22.000000,22.000000,34.000000,34.000000,35.000000,36.000000,36.000000,36.000000,37.000000,1,1,1,1,1,1,1,0,0,0,0,0,0,0,75,5400.234863,968,0,1,0.607960,-0.029998,-0.271999,3.064000,-0.283000,-0.009000,1
9.691207,-12.788000,-55.542000,-4.937000,102.008003,23.378000,30.788000,160.287003,0.000000,0.000000,0.000000,0.000000,0.000000,0.000000,0.000000,264.000000,-1245.000000,189.000000,-1417.000000,205.000000,-71.000000,-32.000000,22.000000,22.000000,22.000000,22.000000,22.000000,22.000000,22.000000,34.000000,34.000000,35.000000,36.000000,36.000000,36.000000,37.000000,1,1,1,1,1,1,1,0,0,0,0,0,0,0,75,5400.235840,968,0,1,0.599968,-0.029998,-0.271999,3.067000,-0.267000,-0.009000,1
9.701092,-12.638000,-55.889999,-5.119000,102.487000,23.239000,31.212999,160.151993,0.000000,0.000000,0.000000,0.000000,0.000000,0.000000,0.000000,264.000000,-1245.000000,189.000000,-1417.000000,205.000000,-71.000000,-32.000000,22.000000,22.000000,22.000000,22.000000,22.000000,22.000000,22.000000,34.000000,34.000000,35.000000,36.000000,36.000000,36.000000,37.000000,1,1,1,1,1,1,1,0,0,0,0,0,0,0,75,5400.234863,968,0,1,0.595217,-0.029998,-0.271999,3.069000,-0.258000,-0.009000,1
9.711154,-12.398000,-56.453999,-5.417000,103.275002,23.009001,31.902000,159.931000,0.000000,0.000000,0.000000,0.000000,0.000000,0.000000,0.000000,264.000000,-1245.000000,189.000000,-1417.000000,205.000000,-71.000000,-32.000000,22.000000,22.000000,22.000000,22.000000,22.000000,22.000000,22.000000,34.000000,34.000000,35.000000,36.000000,36.000000,36.000000,37.000000,1,1,1,1,1,1,1,0,0,0,0,0,0,0,75,5400.235840,967,0,1,0.587386,-0.029998,-0.271999,3.072000,-0.243000,-0.009000,1
9.721136,-12.169000,-56.997002,-5.706000,104.049004,22.780001,32.564999,159.712006,0.000000,0.000000,0.000000,0.000000,0.000000,0.000000,0.000000,264.000000,-1245.000000,189.000000,-1417.000000,205.000000,-71.000000,-32.000000,22.000000,22.000000,22.000000,22.000000,22.000000,22.000000,22.000000,34.000000,34.000000,35.000000,36.000000,36.000000,36.000000,37.000000,1,1,1,1,1,1,1,0,0,0,0,0,0,0,75,5400.235840,967,0,1,0.579682,-0.029998,-0.271999,3.075000,-0.228000,-0.008000,1
9.731124,-11.826000,-57.823002,-6.151000,105.259003,22.421000,33.563999,159.367996,0.000000,0.000000,0.000000,0.000000,0.000000,0.000000,0.000000,264.000000,-1245.000000,189.000000,-1417.000000,205.000000,-71.000000,-32.000000,22.000000,22.000000,22.000000,22.000000,22.000000,22.000000,22.000000,34.000000,34.000000,35.000000,36.000000,36.000000,36.000000,37.000000,1,1,1,1,1,1,1,0,0,0,0,0,0,0,75,5400.234863,968,0,1,0.567664,-0.029998,-0.271999,3.079000,-0.205000,-0.008000,1
9.741310,-11.704000,-58.119999,-6.312000,105.704002,22.290001,33.917000,159.242004,0.000000,0.000000,0.000000,0.000000,0.000000,0.000000,0.000000,264.000000,-1245.000000,189.000000,-1417.000000,205.000000,-71.000000,-32.000000,22.000000,22.000000,22.000000,22.000000,22.000000,22.000000,22.000000,34.000000,34.000000,35.000000,36.000000,36.000000,36.000000,37.000000,1,1,1,1,1,1,1,0,0,0,0,0,0,0,75,5400.235840,967,0,1,0.563268,-0.029998,-0.271999,3.081000,-0.197000,-0.007000,1
9.751173,-11.510000,-58.597000,-6.573000,106.433998,22.073999,34.478001,159.033005,0.000000,0.000000,0.000000,0.000000,0.000000,0.000000,0.000000,264.000000,-1245.000000,189.000000,-1417.000000,205.000000,-71.000000,-32.000000,22.000000,22.000000,22.000000,22.000000,22.000000,22.000000,22.000000,34.000000,34.000000,35.000000,36.000000,36.000000,36.000000,37.000000,1,1,1,1,1,1,1,0,0,0,0,0,0,0,75,5400.237793,967,0,1,0.556090,-0.029998,-0.271999,3.083000,-0.183000,-0.007000,1
9.761134,-11.326000,-59.055000,-6.824000,107.152000,21.864000,35.002998,158.828995,0.000000,0.000000,0.000000,0.000000,0.000000,0.000000,0.000000,264.000000,-1245.000000,189.000000,-1417.000000,205.000000,-71.000000,-32.000000,22.000000,22.000000,22.000000,22.000000,22.000000,22.000000,22.000000,34.000000,34.000000,35.000000,36.000000,36.000000,36.000000,37.000000,1,1,1,1,1,1,1,0,0,0,0,0,0,0,75,5400.235840,967,0,1,0.549110,-0.029998,-0.271999,3.086000,-0.170000,-0.006000,1
9.771187,-11.118000,-59.580002,-7.112000,107.996002,21.621000,35.584000,158.589005,0.000000,0.000000,0.000000,0.000000,0.000000,0.000000,0.000000,264.000000,-1245.000000,189.000000,-1417.000000,205.000000,-71.000000,-32.000000,22.000000,22.000000,22.000000,22.000000,22.000000,22.000000,22.000000,34.000000,34.000000,35.000000,36.000000,36.000000,36.000000,37.000000,1,1,1,1,1,1,1,0,0,0,0,0,0,0,75,5400.234863,968,0,1,0.541016,-0.029998,-0.271999,3.088000,-0.155000,-0.006000,1
9.781130,-10.955000,-59.997002,-7.340000,108.683998,21.427000,36.026001,158.393997,0.000000,0.000000,0.000000,0.000000,0.000000,0.000000,0.000000,264.000000,-1245.000000,189.000000,-1417.000000,205.000000,-71.000000,-32.000000,22.000000,22.000000,22.000000,22.000000,22.000000,22.000000,22.000000,34.000000,34.000000,35.000000,36.000000,36.000000,36.000000,37.000000,1,1,1,1,1,1,1,0,0,0,0,0,0,0,75,5400.235840,968,0,1,0.534522,-0.029998,-0.271999,3.091000,-0.143000,-0.005000,1
9.791091,-10.801000,-60.396999,-7.558000,109.359001,21.240999,36.429001,158.203003,0.000000,0.000000,0.000000,0.000000,0.000000,0.000000,0.000000,264.000000,-1245.000000,189.000000,-1417.000000,205.000000,-71.000000,-32.000000,22.000000,22.000000,22.000000,22.000000,22.000000,22.000000,22.000000,34.000000,34.000000,35.000000,36.000000,36.000000,36.000000,37.000000,1,1,1,1,1,1,1,0,0,0,0,0,0,0,75,5400.234863,967,0,1,0.528266,-0.029999,-0.271999,3.093000,-0.131000,-0.005000,1
9.801370,-10.657000,-60.780998,-7.766000,110.019997,21.063000,36.792999,158.016998,0.000000,0.000000,0.000000,0.000000,0.000000,0.000000,0.000000,264.000000,-1245.000000,189.000000,-1417.000000,205.000000,-71.000000,-32.000000,22.000000,22.000000,22.000000,22.000000,22.000000,22.000000,22.000000,34.000000,34.000000,35.000000,36.000000,36.000000,36.000000,37.000000,1,1,1,1,1,1,1,0,0,0,0,0,0,0,75,5400.234863,968,0,1,0.522258,-0.029999,-0.271999,3.095000,-0.121000,-0.004000,1
9.811176,-10.521000,-61.148998,-7.963000,110.667999,20.893999,37.118000,157.835999,0.000000,0.000000,0.000000,0.000000,0.000000,0.000000,0.000000,264.000000,-1245.000000,189.000000,-1417.000000,205.000000,-71.000000,-32.000000,22.000000,22.000000,22.000000,22.000000,22.000000,22.000000,22.000000,34.000000,34.000000,35.000000,36.000000,36.000000,36.000000,37.000000,1,1,1,1,1,1,1,0,0,0,0,0,0,0,75,5400.235840,967,0,1,0.516505,-0.029999,-0.271999,3.097000,-0.110000,-0.004000,1
9.821117,-10.370000,-61.573002,-8.186000,111.427002,20.702999,37.457001,157.626999,0.000000,0.000000,0.000000,0.000000,0.000000,0.000000,0.000000,264.000000,-1245.000000,189.000000,-1417.000000,205.000000,-71.000000,-32.000000,22.000000,22.000000,22.000000,22.000000,22.000000,22.000000,22.000000,34.000000,34.000000,35.000000,36.000000,36.000000,36.000000,37.000000,1,1,1,1,1,1,1,0,0,0,0,0,0,0,75,5400.234863,968,0,1,0.509948,-0.030000,-0.272000,3.099000,-0.099000,-0.003000,1
9.831135,-10.252000,-61.910999,-8.359000,112.043999,20.555000,37.698002,157.457993,0.000000,0.000000,0.000000,0.000000,0.000000,0.000000,0.000000,264.000000,-1245.000000,189.000000,-1417.000000,205.000000,-71.000000,-32.000000,22.000000,22.000000,22.000000,22.000000,22.000000,22.000000,22.000000,34.000000,34.000000,35.000000,36.000000,36.000000,36.000000,37.000000,1,1,1,1,1,1,1,0,0,0,0,0,0,0,75,5400.235840,968,0,1,0.504777,-0.030000,-0.272000,3.101000,-0.090000,-0.003000,1
9.841264,-10.143000,-62.237000,-8.522000,112.647003,20.417000,37.902000,157.294998,0.000000,0.000000,0.000000,0.000000,0.000000,0.000000,0.000000,264.000000,-1245.000000,189.000000,-1417.000000,205.000000,-71.000000,-32.000000,22.000000,22.000000,22.000000,22.000000,22.000000,22.000000,22.000000,34.000000,34.000000,35.000000,36.000000,36.000000,36.000000,37.000000,1,1,1,1,1,1,1,0,0,0,0,0,0,0,75,5400.234863,967,0,1,0.499875,-0.029999,-0.272000,3.102000,-0.082000,-0.003000,1
9.851171,-10.081000,-62.426998,-8.615000,113.001999,20.340000,38.006001,157.199997,0.000000,0.000000,0.000000,0.000000,0.000000,0.000000,0.000000,264.000000,-1245.000000,189.000000,-1417.000000,205.000000,-71.000000,-32.000000,22.000000,22.000000,22.000000,22.000000,22.000000,22.000000,22.000000,34.000000,34.000000,35.000000,36.000000,36.000000,36.000000,37.000000,1,1,1,1,1,1,1,0,0,0,0,0,0,0,75,5400.235840,968,0,1,0.497063,-0.030000,-0.272000,3.103000,-0.078000,-0.002000,1
9.861262,-9.983000,-62.736000,-8.762000,113.584000,20.218000,38.153000,157.046005,0.000000,0.000000,0.000000,0.000000,0.000000,0.000000,0.000000,264.000000,-1245.000000,189.000000,-1417.000000,205.000000,-71.000000,-32.000000,22.000000,22.000000,22.000000,22.000000,22.000000,22.000000,22.000000,34.000000,34.000000,35.000000,36.000000,36.000000,36.000000,37.000000,1,1,1,1,1,1,1,0,0,0,0,0,0,0,75,5400.235840,968,0,1,0.492591,-0.029999,-0.272000,3.104000,-0.070000,-0.002000,1
9.871227,-9.893000,-63.035999,-8.898000,114.151001,20.107000,38.265999,156.897995,0.000000,0.000000,0.000000,0.000000,0.000000,0.000000,0.000000,264.000000,-1245.000000,189.000000,-1417.000000,205.000000,-71.000000,-32.000000,22.000000,22.000000,22.000000,22.000000,22.000000,22.000000,22.000000,34.000000,34.000000,35.000000,36.000000,36.000000,36.000000,37.000000,1,1,1,1,1,1,1,0,0,0,0,0,0,0,75,5400.235840,967,0,1,0.488384,-0.030000,-0.272000,3.106000,-0.064000,-0.002000,1
9.881210,-9.810000,-63.326000,-9.024000,114.705002,20.006001,38.346001,156.755997,0.000000,0.000000,0.000000,0.000000,0.000000,0.000000,0.000000,264.000000,-1245.000000,189.000000,-1417.000000,205.000000,-71.000000,-32.000000,22.000000,22.000000,22.000000,22.000000,22.000000,22.000000,22.000000,34.000000,34.000000,35.000000,36.000000,36.000000,36.000000,37.000000,1,1,1,1,1,1,1,0,0,0,0,0,0,0,75,5400.234863,967,0,1,0.484440,-0.030000,-0.271999,3.107000,-0.058000,-0.001000,1
9.891278,-9.719000,-63.665001,-9.163000,115.351997,19.899000,38.401001,156.593002,0.000000,0.000000,0.000000,0.000000,0.000000,0.000000,0.000000,264.000000,-1245.000000,189.000000,-1417.000000,205.000000,-71.000000,-32.000000,22.000000,22.000000,22.000000,22.000000,22.000000,22.000000,22.000000,34.000000,34.000000,35.000000,36.000000,36.000000,36.000000,37.000000,1,1,1,1,1,1,1,0,0,0,0,0,0,0,75,5400.235840,967,0,1,0.480043,-0.030000,-0.272000,3.108000,-0.052000,-0.001000,1
9.901158,-9.649000,-63.939999,-9.268000,115.876999,19.820000,38.414001,156.464005,0.000000,0.000000,0.000000,0.000000,0.000000,0.000000,0.000000,264.000000,-1245.000000,189.000000,-1417.000000,205.000000,-71.000000,-32.000000,22.000000,22.000000,22.000000,22.000000,22.000000,22.000000,22.000000,34.000000,34.000000,35.000000,36.000000,36.000000,36.000000,37.000000,1,1,1,1,1,1,1,0,0,0,0,0,0,0,75,5400.235840,967,0,1,0.476650,-0.029999,-0.272000,3.109000,-0.048000,-0.001000,1
9.911208,-9.586000,-64.208000,-9.364000,116.389000,19.750000,38.400002,156.339996,0.000000,0.000000,0.000000,0.000000,0.000000,0.000000,0.000000,264.000000,-1245.000000,189.000000,-1417.000000,205.000000,-71.000000,-32.000000,22.000000,22.000000,22.000000,22.000000,22.000000,22.000000,22.000000,34.000000,34.000000,35.000000,36.000000,36.000000,36.000000,37.000000,1,1,1,1,1,1,1,0,0,0,0,0,0,0,75,5400.235840,967,0,1,0.473495,-0.030000,-0.272000,3.110000,-0.044000,0.000000,1
9.921248,-9.527000,-64.472000,-9.451000,116.889000,19.690001,38.361000,156.220993,0.000000,0.000000,0.000000,0.000000,0.000000,0.000000,0.000000,264.000000,-1245.000000,189.000000,-1417.000000,205.000000,-71.000000,-32.000000,22.000000,22.000000,22.000000,22.000000,22.000000,22.000000,22.000000,34.000000,34.000000,35.000000,36.000000,36.000000,36.000000,37.000000,1,1,1,1,1,1,1,0,0,0,0,0,0,0,75,5400.237793,968,0,1,0.470565,-0.029999,-0.272000,3.110000,-0.040000,0.000000,1
9.931179,-9.464000,-64.781998,-9.546000,117.474998,19.629999,38.282001,156.085999,0.000000,0.000000,0.000000,0.000000,0.000000,0.000000,0.000000,264.000000,-1245.000000,189.000000,-1417.000000,205.000000,-71.000000,-32.000000,22.000000,22.000000,22.000000,22.000000,22.000000,22.000000,22.000000,34.000000,34.000000,35.000000,36.000000,36.000000,36.000000,37.000000,1,1,1,1,1,1,1,0,0,0,0,0,0,0,75,5400.235840,968,0,1,0.467328,-0.030000,-0.272000,3.111000,-0.037000,0.000000,1
9.941109,-9.416000,-65.036003,-9.616000,117.952003,19.587999,38.193001,155.977997,0.000000,0.000000,0.000000,0.000000,0.000000,0.000000,0.000000,264.000000,-1245.000000,189.000000,-1417.000000,205.000000,-71.000000,-32.000000,22.000000,22.000000,22.000000,22.000000,22.000000,22.000000,22.000000,34.000000,34.000000,35.000000,36.000000,36.000000,36.000000,37.000000,1,1,1,1,1,1,1,0,0,0,0,0,0,0,75,5400.235840,968,0,1,0.464847,-0.030000,-0.272000,3.111000,-0.035000,0.000000,1
9.951227,-9.398000,-65.136002,-9.642000,118.139000,19.573999,38.152000,155.936005,0.000000,0.000000,0.000000,0.000000,0.000000,0.000000,0.000000,264.000000,-1245.000000,189.000000,-1417.000000,205.000000,-71.000000,-32.000000,22.000000,22.000000,22.000000,22.000000,22.000000,22.000000,22.000000,34.000000,34.000000,35.000000,36.000000,36.000000,36.000000,37.000000,1,1,1,1,1,1,1,0,0,0,0,0,0,0,75,5400.235840,967,0,1,0.463906,-0.029999,-0.272000,3.111000,-0.034000,0.000000,1
9.961288,-9.347000,-65.434998,-9.714000,118.694000,19.537001,38.011002,155.815002,0.000000,0.000000,0.000000,0.000000,0.000000,0.000000,0.000000,264.000000,-1245.000000,189.000000,-1417.000000,205.000000,-71.000000,-32.000000,22.000000,22.000000,22.000000,22.000000,22.000000,22.000000,22.000000,34.000000,34.000000,35.000000,36.000000,36.000000,36.000000,37.000000,1,1,1,1,1,1,1,0,0,0,0,0,0,0,75,5400.235840,968,0,1,0.461245,-0.029999,-0.272000,3.112000,-0.032000,0.000000,1
9.971177,-9.309000,-65.681000,-9.768000,119.147003,19.514000,37.875000,155.716995,0.000000,0.000000,0.000000,0.000000,0.000000,0.000000,0.000000,264.000000,-1245.000000,189.000000,-1417.000000,205.000000,-71.000000,-32.000000,22.000000,22.000000,22.000000,22.000000,22.000000,22.000000,22.000000,34.000000,34.000000,35.000000,36.000000,36.000000,36.000000,37.000000,1,1,1,1,1,1,1,0,0,0,0,0,0,0,75,5400.235840,968,0,1,0.459197,-0.030000,-0.272000,3.112000,-0.031000,0.000000,1
9.981126,-9.273000,-65.925003,-9.816000,119.592003,19.496000,37.726002,155.623993,0.000000,0.000000,0.000000,0.000000,0.000000,0.000000,0.000000,264.000000,-1245.000000,189.000000,-1417.000000,205.000000,-71.000000,-32.000000,22.000000,22.000000,22.000000,22.000000,22.000000,22.000000,22.000000,34.000000,34.000000,35.000000,36.000000,36.000000,36.000000,37.000000,1,1,1,1,1,1,1,0,0,0,0,0,0,0,75,5400.234863,968,0,1,0.457283,-0.029999,-0.272000,3.112000,-0.030000,0.000000,1
9.991160,-9.240000,-66.167000,-9.860000,120.030998,19.483999,37.563999,155.533005,0.000000,0.000000,0.000000,0.000000,0.000000,0.000000,0.000000,264.000000,-1245.000000,189.000000,-1417.000000,205.000000,-71.000000,-32.000000,22.000000,22.000000,22.000000,22.000000,22.000000,22.000000,22.000000,34.000000,34.000000,35.000000,36.000000,36.000000,36.000000,37.000000,1,1,1,1,1,1,1,0,0,0,0,0,0,0,75,5400.234863,968,0,1,0.455483,-0.029999,-0.272000,3.112000,-0.029000,0.000000,1
10.001275,-9.203000,-66.455002,-9.909000,120.550003,19.473000,37.358002,155.427002,0.000000,0.000000,0.000000,0.000000,0.000000,0.000000,0.000000,264.000000,-1245.000000,189.000000,-1417.000000,205.000000,-71.000000,-32.000000,22.000000,22.000000,22.000000,22.000000,22.000000,22.000000,22.000000,34.000000,34.000000,35.000000,36.000000,36.000000,36.000000,37.000000,1,1,1,1,1,1,1,0,0,0,0,0,0,0,75,5400.235840,968,0,1,0.453446,-0.029999,-0.272000,3.112000,-0.029000,0.000000,1
10.011248,-9.173000,-66.694000,-9.946000,120.977997,19.468000,37.179001,155.339996,0.000000,0.000000,0.000000,0.000000,0.000000,0.000000,0.000000,264.000000,-1245.000000,189.000000,-1417.000000,205.000000,-71.000000,-32.000000,22.000000,22.000000,22.000000,22.000000,22.000000,22.000000,22.000000,34.000000,34.000000,35.000000,36.000000,36.000000,36.000000,37.000000,1,1,1,1,1,1,1,0,0,0,0,0,0,0,75,5400.234863,967,0,1,0.451826,-0.030000,-0.272000,3.112000,-0.029000,0.000000,1
10.021152,-9.144000,-66.931999,-9.982000,121.403000,19.465000,36.995998,155.255005,0.000000,0.000000,0.000000,0.000000,0.000000,0.000000,0.000000,264.000000,-1245.000000,189.000000,-1417.000000,205.000000,-71.000000,-32.000000,22.000000,22.000000,22.000000,22.000000,22.000000,22.000000,22.000000,34.000000,34.000000,35.000000,36.000000,36.000000,36.000000,37.000000,1,1,1,1,1,1,1,0,0,0,0,0,0,0,75,5400.235840,968,0,1,0.450254,-0.030000,-0.272000,3.112000,-0.029000,0.000000,1
10.031116,-9.128000,-67.074997,-10.004000,121.655998,19.464001,36.884998,155.203995,0.000000,0.000000,0.000000,0.000000,0.000000,0.000000,0.000000,264.000000,-1245.000000,189.000000,-1417.000000,205.000000,-71.000000,-32.000000,22.000000,22.000000,22.000000,22.000000,22.000000,22.000000,22.000000,34.000000,34.000000,35.000000,36.000000,36.000000,36.000000,37.000000,1,1,1,1,1,1,1,0,0,0,0,0,0,0,75,5400.235840,968,0,1,0.449325,-0.029999,-0.272000,3.112000,-0.029000,0.000000,1
10.042162,-9.081000,-67.456001,-10.064000,122.332001,19.459000,36.588001,155.067001,0.000000,0.000000,0.000000,0.000000,0.000000,0.000000,0.000000,264.000000,-1245.000000,189.000000,-1417.000000,205.000000,-71.000000,-32.000000,22.000000,22.000000,22.000000,22.000000,22.000000,22.000000,22.000000,34.000000,34.000000,35.000000,36.000000,36.000000,36.000000,37.000000,1,1,1,1,1,1,1,0,0,0,0,0,0,0,75,5400.235840,967,0,1,0.446853,-0.030009,-0.272000,3.113000,-0.028000,0.000000,0
10.052207,-9.053000,-67.695000,-10.102000,122.753998,19.455999,36.403000,154.981003,0.000000,0.000000,0.000000,0.000000,0.000000,0.000000,0.000000,264.000000,-1245.000000,189.000000,-1417.000000,205.000000,-71.000000,-32.000000,22.000000,22.000000,22.000000,22.000000,22.000000,22.000000,22.000000,34.000000,34.000000,35.000000,36.000000,36.000000,36.000000,37.000000,1,1,1,1,1,1,1,0,0,0,0,0,0,0,75,5400.235840,968,0,1,0.445307,-0.030010,-0.271999,3.113000,-0.029000,0.000000,0
10.062129,-9.034000,-67.936996,-10.126000,123.175003,19.459000,36.221001,154.904007,0.000000,0.000000,0.000000,0.000000,0.000000,0.000000,0.000000,264.000000,-1245.000000,189.000000,-1417.000000,205.000000,-71.000000,-32.000000,22.000000,22.000000,22.000000,22.000000,22.000000,22.000000,22.000000,34.000000,34.000000,35.000000,36.000000,36.000000,36.000000,37.000000,1,1,1,1,1,1,1,0,0,0,0,0,0,0,75,5400.237793,968,0,1,0.443761,-0.029957,-0.271999,3.113000,-0.028000,0.000000,0
10.072167,-9.032000,-68.181000,-10.126000,123.597000,19.472000,36.042000,154.841995,0.000000,0.000000,0.000000,0.000000,0.000000,0.000000,0.000000,264.000000,-1245.000000,189.000000,-1417.000000,205.000000,-71.000000,-32.000000,22.000000,22.000000,22.000000,22.000000,22.000000,22.000000,22.000000,34.000000,34.000000,35.000000,36.000000,36.000000,36.000000,37.000000,1,1,1,1,1,1,1,0,0,0,0,0,0,0,75,5400.235840,968,0,1,0.442223,-0.029808,-0.272000,3.113000,-0.028000,0.000000,0
10.082139,-9.053000,-68.430000,-10.093000,124.015999,19.500000,35.868000,154.800995,0.000000,0.000000,0.000000,0.000000,0.000000,0.000000,0.000000,264.000000,-1245.000000,189.000000,-1417.000000,205.000000,-71.000000,-32.000000,22.000000,22.000000,22.000000,22.000000,22.000000,22.000000,22.000000,34.000000,34.000000,35.000000,36.000000,36.000000,36.000000,37.000000,1,1,1,1,1,1,1,0,0,0,0,0,0,0,75,5400.234863,967,0,1,0.440699,-0.029532,-0.272000,3.113000,-0.028000,0.000000,3
10.092109,-9.076000,-68.586998,-10.057000,124.278000,19.523001,35.762001,154.783997,0.000000,0.000000,0.000000,0.000000,0.000000,0.000000,0.000000,264.000000,-1245.000000,189.000000,-1417.000000,205.000000,-71.000000,-32.000000,22.000000,22.000000,22.000000,22.000000,22.000000,22.000000,22.000000,34.000000,34.000000,35.000000,36.000000,36.000000,36.000000,37.000000,1,1,1,1,1,1,1,0,0,0,0,0,0,0,75,5400.237793,968,0,1,0.439754,-0.029299,-0.272000,3.113000,-0.028000,0.000000,3
10.102200,-9.141000,-68.877998,-9.957000,124.753998,19.580999,35.574001,154.776001,0.000000,0.000000,0.000000,0.000000,0.000000,0.000000,0.000000,264.000000,-1245.000000,189.000000,-1417.000000,205.000000,-71.000000,-32.000000,22.000000,22.000000,22.000000,22.000000,22.000000,22.000000,22.000000,34.000000,34.000000,35.000000,36.000000,36.000000,36.000000,37.000000,1,1,1,1,1,1,1,0,0,0,0,0,0,0,75,5400.235840,968,0,1,0.438036,-0.028748,-0.272000,3.113000,-0.028000,0.000000,3
10.112229,-9.248000,-69.209000,-9.791000,125.281998,19.669001,35.373001,154.800003,0.000000,0.000000,0.000000,0.000000,0.000000,0.000000,0.000000,264.000000,-1245.000000,189.000000,-1417.000000,205.000000,-71.000000,-32.000000,22.000000,22.000000,22.000000,22.000000,22.000000,22.000000,22.000000,34.000000,34.000000,35.000000,36.000000,36.000000,36.000000,37.000000,1,1,1,1,1,1,1,0,0,0,0,0,0,0,75,5400.235840,967,0,1,0.436147,-0.027934,-0.272000,3.113000,-0.028000,0.000000,3
10.122040,-9.437000,-69.628998,-9.497000,125.929001,19.816999,35.139999,154.884003,0.000000,0.000000,0.000000,0.000000,0.000000,0.000000,0.000000,264.000000,-1245.000000,189.000000,-1417.000000,205.000000,-71.000000,-32.000000,22.000000,22.000000,22.000000,22.000000,22.000000,22.000000,22.000000,34.000000,34.000000,35.000000,36.000000,36.000000,36.000000,37.000000,1,1,1,1,1,1,1,0,0,0,0,0,0,0,75,5400.235840,967,0,1,0.433851,-0.026604,-0.272000,3.113000,-0.028000,0.000000,3
10.132199,-9.637000,-69.970001,-9.183000,126.431999,19.971001,34.970001,155.000000,0.000000,0.000000,0.000000,0.000000,0.000000,0.000000,0.000000,264.000000,-1245.000000,189.000000,-1417.000000,205.000000,-71.000000,-32.000000,22.000000,22.000000,22.000000,22.000000,22.000000,22.000000,22.000000,34.000000,34.000000,35.000000,36.000000,36.000000,36.000000,37.000000,1,1,1,1,1,1,1,0,0,0,0,0,0,0,75,5400.235840,968,0,1,0.432074,-0.025262,-0.272000,3.113000,-0.028000,0.000000,3
10.142297,-9.873000,-70.295998,-8.812000,126.893997,20.152000,34.827000,155.156006,0.000000,0.000000,0.000000,0.000000,0.000000,0.000000,0.000000,264.000000,-1245.000000,189.000000,-1417.000000,205.000000,-71.000000,-32.000000,22.000000,22.000000,22.000000,22.000000,22.000000,22.000000,22.000000,34.000000,34.000000,35.000000,36.000000,36.000000,36.000000,37.000000,1,1,1,1,1,1,1,0,0,0,0,0,0,0,75,5400.235840,967,0,1,0.430458,-0.023730,-0.272000,3.113000,-0.028000,0.000000,3
10.152157,-10.142000,-70.605003,-8.387000,127.306000,20.357000,34.712002,155.350006,0.000000,0.000000,0.000000,0.000000,0.000000,0.000000,0.000000,264.000000,-1245.000000,189.000000,-1417.000000,205.000000,-71.000000,-32.000000,22.000000,22.000000,22.000000,22.000000,22.000000,22.000000,22.000000,34.000000,34.000000,35.000000,36.000000,36.000000,36.000000,37.000000,1,1,1,1,1,1,1,0,0,0,0,0,0,0,75,5400.234863,967,0,1,0.429022,-0.022029,-0.272000,3.113000,-0.028000,0.000000,3
10.162170,-10.440000,-70.892998,-7.915000,127.664001,20.584000,34.627998,155.580994,0.000000,0.000000,0.000000,0.000000,0.000000,0.000000,0.000000,264.000000,-1245.000000,189.000000,-1417.000000,205.000000,-71.000000,-32.000000,22.000000,22.000000,22.000000,22.000000,22.000000,22.000000,22.000000,34.000000,34.000000,35.000000,36.000000,36.000000,36.000000,37.000000,1,1,1,1,1,1,1,0,0,0,0,0,0,0,75,5400.237793,967,0,1,0.427783,-0.020178,-0.272000,3.113000,-0.028000,0.000000,3
10.172247,-10.832000,-71.204002,-7.293000,128.013000,20.882000,34.569000,155.899994,0.000000,0.000000,0.000000,0.000000,0.000000,0.000000,0.000000,264.000000,-1245.000000,189.000000,-1417.000000,205.000000,-71.000000,-32.000000,22.000000,22.000000,22.000000,22.000000,22.000000,22.000000,22.000000,34.000000,34.000000,35.000000,36.000000,36.000000,36.000000,37.000000,1,1,1,1,1,1,1,0,0,0,0,0,0,0,75,5400.235840,967,0,1,0.426580,-0.017794,-0.272000,3.112000,-0.028000,0.000000,3
10.182193,-11.181000,-71.432999,-6.739000,128.231995,21.146000,34.555000,156.199005,0.000000,0.000000,0.000000,0.000000,0.000000,0.000000,0.000000,264.000000,-1245.000000,189.000000,-1417.000000,205.000000,-71.000000,-32.000000,22.000000,22.000000,22.000000,22.000000,22.000000,22.000000,22.000000,34.000000,34.000000,35.000000,36.000000,36.000000,36.000000,37.000000,1,1,1,1,1,1,1,0,0,0,0,0,0,0,75,5400.235840,967,0,1,0.425827,-0.015698,-0.272000,3.112000,-0.028000,0.000000,3
10.192174,-11.547000,-71.629997,-6.160000,128.382996,21.420000,34.574001,156.520996,0.000000,0.000000,0.000000,0.000000,0.000000,0.000000,0.000000,264.000000,-1245.000000,189.000000,-1417.000000,205.000000,-71.000000,-32.000000,22.000000,22.000000,22.000000,22.000000,22.000000,22.000000,22.000000,34.000000,34.000000,35.000000,36.000000,36.000000,36.000000,37.000000,1,1,1,1,1,1,1,0,0,0,0,0,0,0,75,5400.235840,968,0,1,0.425313,-0.013532,-0.272000,3.112000,-0.028000,0.000000,3
10.202192,-11.924000,-71.792999,-5.565000,128.462997,21.700001,34.625000,156.863998,0.000000,0.000000,0.000000,0.000000,0.000000,0.000000,0.000000,264.000000,-1245.000000,189.000000,-1417.000000,205.000000,-71.000000,-32.000000,22.000000,22.000000,22.000000,22.000000,22.000000,22.000000,22.000000,34.000000,34.000000,35.000000,36.000000,36.000000,36.000000,37.000000,1,1,1,1,1,1,1,0,0,0,0,0,0,0,75,5400.235840,968,0,1,0.425042,-0.011322,-0.272000,3.112000,-0.028000,0.000000,3
10.212169,-12.154000,-71.874001,-5.204000,128.475998,21.868999,34.671001,157.076996,0.000000,0.000000,0.000000,0.000000,0.000000,0.000000,0.000000,264.000000,-1245.000000,189.000000,-1417.000000,205.000000,-71.000000,-32.000000,22.000000,22.000000,22.000000,22.000000,22.000000,22.000000,22.000000,34.000000,34.000000,35.000000,36.000000,36.000000,36.000000,37.000000,1,1,1,1,1,1,1,0,0,0,0,0,0,0,75,5400.235840,967,0,1,0.424998,-0.009986,-0.272000,3.112000,-0.028000,0.000000,3
10.222187,-12.540000,-71.977997,-4.603000,128.440002,22.149000,34.771999,157.440994,0.000000,0.000000,0.000000,0.000000,0.000000,0.000000,0.000000,264.000000,-1245.000000,189.000000,-1417.000000,205.000000,-71.000000,-32.000000,22.000000,22.000000,22.000000,22.000000,22.000000,22.000000,22.000000,34.000000,34.000000,35.000000,36.000000,36.000000,36.000000,37.000000,1,1,1,1,1,1,1,0,0,0,0,0,0,0,75,5400.235840,967,0,1,0.425124,-0.007763,-0.272000,3.113000,-0.028000,0.000000,3
10.232211,-12.926000,-72.042999,-4.011000,128.332001,22.422001,34.902000,157.811005,0.000000,0.000000,0.000000,0.000000,0.000000,0.000000,0.000000,264.000000,-1245.000000,189.000000,-1417.000000,205.000000,-71.000000,-32.000000,22.000000,22.000000,22.000000,22.000000,22.000000,22.000000,22.000000,34.000000,34.000000,35.000000,36.000000,36.000000,36.000000,37.000000,1,1,1,1,1,1,1,0,0,0,0,0,0,0,75,5400.235840,968,0,1,0.425496,-0.005567,-0.272000,3.113000,-0.028000,0.000000,3
10.242316,-13.382000,-72.068001,-3.324000,128.110001,22.733999,35.091999,158.257004,0.000000,0.000000,0.000000,0.000000,0.000000,0.000000,0.000000,264.000000,-1245.000000,189.000000,-1417.000000,205.000000,-71.000000,-32.000000,22.000000,22.000000,22.000000,22.000000,22.000000,22.000000,22.000000,34.000000,34.000000,35.000000,36.000000,36.000000,36.000000,37.000000,1,1,1,1,1,1,1,0,0,0,0,0,0,0,75,5400.234863,967,0,1,0.426261,-0.003007,-0.272000,3.113000,-0.028000,0.000000,3
10.252130,-13.750000,-72.042999,-2.781000,127.851997,22.976000,35.278000,158.621994,0.000000,0.000000,0.000000,0.000000,0.000000,0.000000,0.000000,264.000000,-1245.000000,189.000000,-1417.000000,205.000000,-71.000000,-32.000000,22.000000,22.000000,22.000000,22.000000,22.000000,22.000000,22.000000,34.000000,34.000000,35.000000,36.000000,36.000000,36.000000,37.000000,1,1,1,1,1,1,1,0,0,0,0,0,0,0,75,5400.235840,968,0,1,0.427154,-0.000968,-0.272000,3.113000,-0.028000,0.000000,3
10.262141,-14.103000,-71.977997,-2.274000,127.529999,23.197001,35.484001,158.977997,0.000000,0.000000,0.000000,0.000000,0.000000,0.000000,0.000000,264.000000,-1245.000000,189.000000,-1417.000000,205.000000,-71.000000,-32.000000,22.000000,22.000000,22.000000,22.000000,22.000000,22.000000,22.000000,34.000000,34.000000,35.000000,36.000000,36.000000,36.000000,37.000000,1,1,1,1,1,1,1,0,0,0,0,0,0,0,75,5400.235840,967,0,1,0.428268,0.000959,-0.272000,3.113000,-0.028000,0.000000,3
10.272173,-14.501000,-71.845001,-1.721000,127.068001,23.431999,35.756001,159.384003,0.000000,0.000000,0.000000,0.000000,0.000000,0.000000,0.000000,264.000000,-1245.000000,189.000000,-1417.000000,205.000000,-71.000000,-32.000000,22.000000,22.000000,22.000000,22.000000,22.000000,22.000000,22.000000,34.000000,34.000000,35.000000,36.000000,36.000000,36.000000,37.000000,1,1,1,1,1,1,1,0,0,0,0,0,0,0,75,5400.237793,968,0,1,0.429878,0.003091,-0.272000,3.113000,-0.028000,0.000000,3
10.282203,-14.626000,-71.789001,-1.552000,126.897003,23.500999,35.852001,159.514008,0.000000,0.000000,0.000000,0.000000,0.000000,0.000000,0.000000,264.000000,-1245.000000,189.000000,-1417.000000,205.000000,-71.000000,-32.000000,22.000000,22.000000,22.000000,22.000000,22.000000,22.000000,22.000000,34.000000,34.000000,35.000000,36.000000,36.000000,36.000000,37.000000,1,1,1,1,1,1,1,0,0,0,0,0,0,0,75,5400.234863,967,0,1,0.430476,0.003751,-0.272000,3.113000,-0.028000,0.000000,3
10.292193,-14.977000,-71.581001,-1.094000,126.338997,23.683001,36.148998,159.878998,0.000000,0.000000,0.000000,0.000000,0.000000,0.000000,0.000000,264.000000,-1245.000000,189.000000,-1417.000000,205.000000,-71.000000,-32.000000,22.000000,22.000000,22.000000,22.000000,22.000000,22.000000,22.000000,34.000000,34.000000,35.000000,36.000000,36.000000,36.000000,37.000000,1,1,1,1,1,1,1,0,0,0,0,0,0,0,75,5400.235840,968,0,1,0.432438,0.005564,-0.272000,3.113000,-0.028000,0.000000,3
10.302165,-15.284000,-71.321999,-0.717000,125.721001,23.823000,36.460999,160.207001,0.000000,0.000000,0.000000,0.000000,0.000000,0.000000,0.000000,264.000000,-1245.000000,189.000000,-1417.000000,205.000000,-71.000000,-32.000000,22.000000,22.000000,22.000000,22.000000,22.000000,22.000000,22.000000,34.000000,34.000000,35.000000,36.000000,36.000000,36.000000,37.000000,1,1,1,1,1,1,1,0,0,0,0,0,0,0,75,5400.235840,968,0,1,0.434625,0.007099,-0.272000,3.113000,-0.028000,0.000000,3
10.312217,-15.539000,-71.021004,-0.430000,125.070999,23.917000,36.771999,160.485001,0.000000,0.000000,0.000000,0.000000,0.000000,0.000000,0.000000,264.000000,-1245.000000,189.000000,-1417.000000,205.000000,-71.000000,-32.000000,22.000000,22.000000,22.000000,22.000000,22.000000,22.000000,22.000000,34.000000,34.000000,35.000000,36.000000,36.000000,36.000000,37.000000,1,1,1,1,1,1,1,0,0,0,0,0,0,0,75,5400.235840,967,0,1,0.436942,0.008305,-0.272000,3.113000,-0.028000,0.000000,3
10.322174,-15.640000,-70.869003,-0.325000,124.759003,23.945999,36.916000,160.598007,0.000000,0.000000,0.000000,0.000000,0.000000,0.000000,0.000000,264.000000,-1245.000000,189.000000,-1417.000000,205.000000,-71.000000,-32.000000,22.000000,22.000000,22.000000,22.000000,22.000000,22.000000,22.000000,34.000000,34.000000,35.000000,36.000000,36.000000,36.000000,37.000000,1,1,1,1,1,1,1,0,0,0,0,0,0,0,75,5400.235840,968,0,1,0.438060,0.008757,-0.272000,3.113000,-0.028000,0.000000,3
10.332145,-15.769000,-70.625999,-0.203000,124.283997,23.972000,37.131001,160.750000,0.000000,0.000000,0.000000,0.000000,0.000000,0.000000,0.000000,264.000000,-1245.000000,189.000000,-1417.000000,205.000000,-71.000000,-32.000000,22.000000,22.000000,22.000000,22.000000,22.000000,22.000000,22.000000,34.000000,34.000000,35.000000,36.000000,36.000000,36.000000,37.000000,1,1,1,1,1,1,1,0,0,0,0,0,0,0,75,5400.235840,968,0,1,0.439775,0.009305,-0.272000,3.113000,-0.028000,0.000000,3
10.342220,-15.876000,-70.352997,-0.118000,123.773003,23.976000,37.355999,160.884995,0.000000,0.000000,0.000000,0.000000,0.000000,0.000000,0.000000,264.000000,-1245.000000,189.000000,-1417.000000,205.000000,-71.000000,-32.000000,22.000000,22.000000,22.000000,22.000000,22.000000,22.000000,22.000000,34.000000,34.000000,35.000000,36.000000,36.000000,36.000000,37.000000,1,1,1,1,1,1,1,0,0,0,0,0,0,0,75,5400.235840,970,0,1,0.441626,0.009713,-0.272000,3.113000,-0.029000,0.000000,3
10.352249,-15.939000,-70.119003,-0.085000,123.353996,23.962000,37.534000,160.973007,0.000000,0.000000,0.000000,0.000000,0.000000,0.000000,0.000000,264.000000,-1245.000000,189.000000,-1417.000000,205.000000,-71.000000,-32.000000,22.000000,22.000000,22.000000,22.000000,22.000000,22.000000,22.000000,34.000000,34.000000,35.000000,36.000000,36.000000,36.000000,37.000000,1,1,1,1,1,1,1,0,0,0,0,0,0,0,75,5400.234863,968,0,1,0.443154,0.009897,-0.272000,3.113000,-0.028000,0.000000,0
10.362220,-15.993000,-69.828003,-0.078000,122.849998,23.931000,37.743999,161.059006,0.000000,0.000000,0.000000,0.000000,0.000000,0.000000,0.000000,264.000000,-1245.000000,189.000000,-1417.000000,205.000000,-71.000000,-32.000000,22.000000,22.000000,22.000000,22.000000,22.000000,22.000000,22.000000,34.000000,34.000000,35.000000,36.000000,36.000000,36.000000,37.000000,1,1,1,1,1,1,1,0,0,0,0,0,0,0,75,5400.235840,968,0,1,0.444999,0.009990,-0.272000,3.112000,-0.029000,0.000000,0
10.372149,-16.028000,-69.583000,-0.087000,122.430000,23.898001,37.917999,161.121994,0.000000,0.000000,0.000000,0.000000,0.000000,0.000000,0.000000,264.000000,-1245.000000,189.000000,-1417.000000,205.000000,-71.000000,-32.000000,22.000000,22.000000,22.000000,22.000000,22.000000,22.000000,22.000000,34.000000,34.000000,35.000000,36.000000,36.000000,36.000000,37.000000,1,1,1,1,1,1,1,0,0,0,0,0,0,0,75,5400.234863,968,0,1,0.446538,0.010005,-0.272000,3.112000,-0.028000,0.000000,0
10.382145,-16.046000,-69.434998,-0.095000,122.178001,23.877001,38.021999,161.156998,0.000000,0.000000,0.000000,0.000000,0.000000,0.000000,0.000000,264.000000,-1245.000000,189.000000,-1417.000000,205.000000,-71.000000,-32.000000,22.000000,22.000000,22.000000,22.000000,22.000000,22.000000,22.000000,34.000000,34.000000,35.000000,36.000000,36.000000,36.000000,37.000000,1,1,1,1,1,1,1,0,0,0,0,0,0,0,75,5400.235840,967,0,1,0.447461,0.010002,-0.272000,3.113000,-0.028000,0.000000,0
10.392115,-16.077999,-69.188004,-0.109000,121.757004,23.841999,38.195999,161.218002,0.000000,0.000000,0.000000,0.000000,0.000000,0.000000,0.000000,264.000000,-1245.000000,189.000000,-1417.000000,205.000000,-71.000000,-32.000000,22.000000,22.000000,22.000000,22.000000,22.000000,22.000000,22.000000,34.000000,34.000000,35.000000,36.000000,36.000000,36.000000,37.000000,1,1,1,1,1,1,1,0,0,0,0,0,0,0,75,5400.237793,968,0,1,0.448998,0.009999,-0.272000,3.112000,-0.029000,0.000000,1
10.402165,-16.110001,-68.943001,-0.121000,121.336998,23.806999,38.369999,161.279007,0.000000,0.000000,0.000000,0.000000,0.000000,0.000000,0.000000,264.000000,-1245.000000,189.000000,-1417.000000,205.000000,-71.000000,-32.000000,22.000000,22.000000,22.000000,22.000000,22.000000,22.000000,22.000000,34.000000,34.000000,35.000000,36.000000,36.000000,36.000000,37.000000,1,1,1,1,1,1,1,0,0,0,0,0,0,0,75,5400.235840,968,0,1,0.450541,0.009999,-0.272000,3.112000,-0.029000,0.000000,1
10.412162,-16.142000,-68.696999,-0.131000,120.913002,23.774000,38.542000,161.341995,0.000000,0.000000,0.000000,0.000000,0.000000,0.000000,0.000000,264.000000,-1245.000000,189.000000,-1417.000000,205.000000,-71.000000,-32.000000,22.000000,22.000000,22.000000,22.000000,22.000000,22.000000,22.000000,34.000000,34.000000,35.000000,36.000000,36.000000,36.000000,37.000000,1,1,1,1,1,1,1,0,0,0,0,0,0,0,75,5400.235840,967,0,1,0.452115,0.009999,-0.272000,3.112000,-0.029000,0.000000,1
10.422177,-16.177000,-68.450996,-0.140000,120.485001,23.742001,38.708000,161.406998,0.000000,0.000000,0.000000,0.000000,0.000000,0.000000,0.000000,264.000000,-1245.000000,189.000000,-1417.000000,205.000000,-71.000000,-32.000000,22.000000,22.000000,22.000000,22.000000,22.000000,22.000000,22.000000,34.000000,34.000000,35.000000,36.000000,36.000000,36.000000,37.000000,1,1,1,1,1,1,1,0,0,0,0,0,0,0,75,5400.235840,968,0,1,0.453741,0.009999,-0.272000,3.112000,-0.029000,0.000000,1
10.432395,-16.221001,-68.153999,-0.147000,119.966003,23.709000,38.898998,161.487000,0.000000,0.000000,0.000000,0.000000,0.000000,0.000000,0.000000,264.000000,-1245.000000,189.000000,-1417.000000,205.000000,-71.000000,-32.000000,22.000000,22.000000,22.000000,22.000000,22.000000,22.000000,22.000000,34.000000,34.000000,35.000000,36.000000,36.000000,36.000000,37.000000,1,1,1,1,1,1,1,0,0,0,0,0,0,0,75,5400.234863,967,0,1,0.455793,0.009999,-0.272000,3.112000,-0.029000,0.000000,1
10.442315,-16.261000,-67.904999,-0.149000,119.526001,23.684999,39.048000,161.557007,0.000000,0.000000,0.000000,0.000000,0.000000,0.000000,0.000000,264.000000,-1245.000000,189.000000,-1417.000000,205.000000,-71.000000,-32.000000,22.000000,22.000000,22.000000,22.000000,22.000000,22.000000,22.000000,34.000000,34.000000,35.000000,36.000000,36.000000,36.000000,37.000000,1,1,1,1,1,1,1,0,0,0,0,0,0,0,75,5400.234863,968,0,1,0.457611,0.009999,-0.272000,3.112000,-0.030000,0.000000,1
10.452149,-16.305000,-67.653999,-0.147000,119.078003,23.665001,39.183998,161.630997,0.000000,0.000000,0.000000,0.000000,0.000000,0.000000,0.000000,264.000000,-1245.000000,189.000000,-1417.000000,205.000000,-71.000000,-32.000000,22.000000,22.000000,22.000000,22.000000,22.000000,22.000000,22.000000,34.000000,34.000000,35.000000,36.000000,36.000000,36.000000,37.000000,1,1,1,1,1,1,1,0,0,0,0,0,0,0,75,5400.237793,968,0,1,0.459549,0.009999,-0.272000,3.112000,-0.031000,0.000000,1
10.462219,-16.364000,-67.350998,-0.139000,118.529999,23.649000,39.328999,161.723999,0.000000,0.000000,0.000000,0.000000,0.000000,0.000000,0.000000,264.000000,-1245.000000,189.000000,-1417.000000,205.000000,-71.000000,-32.000000,22.000000,22.000000,22.000000,22.000000,22.000000,22.000000,22.000000,34.000000,34.000000,35.000000,36.000000,36.000000,36.000000,37.000000,1,1,1,1,1,1,1,0,0,0,0,0,0,0,75,5400.235840,968,0,1,0.462059,0.009999,-0.272000,3.112000,-0.033000,0.000000,1
10.472156,-16.417999,-67.094002,-0.126000,118.063004,23.642000,39.431999,161.806000,0.000000,0.000000,0.000000,0.000000,0.000000,0.000000,0.000000,264.000000,-1245.000000,189.000000,-1417.000000,205.000000,-71.000000,-32.000000,22.000000,22.000000,22.000000,22.000000,22.000000,22.000000,22.000000,34.000000,34.000000,35.000000,36.000000,36.000000,36.000000,37.000000,1,1,1,1,1,1,1,0,0,0,0,0,0,0,75,5400.235840,968,0,1,0.464328,0.010000,-0.272000,3.111000,-0.034000,0.000000,1
10.482169,-16.478001,-66.834999,-0.107000,117.584999,23.641001,39.515999,161.891998,0.000000,0.000000,0.000000,0.000000,0.000000,0.000000,0.000000,264.000000,-1245.000000,189.000000,-1417.000000,205.000000,-71.000000,-32.000000,22.000000,22.000000,22.000000,22.000000,22.000000,22.000000,22.000000,34.000000,34.000000,35.000000,36.000000,36.000000,36.000000,37.000000,1,1,1,1,1,1,1,0,0,0,0,0,0,0,75,5400.234863,967,0,1,0.466775,0.010000,-0.272000,3.111000,-0.037000,0.000000,1
10.492184,-16.518000,-66.678001,-0.093000,117.292000,23.645000,39.556999,161.947006,0.000000,0.000000,0.000000,0.000000,0.000000,0.000000,0.000000,264.000000,-1245.000000,189.000000,-1417.000000,205.000000,-71.000000,-32.000000,22.000000,22.000000,22.000000,22.000000,22.000000,22.000000,22.000000,34.000000,34.000000,35.000000,36.000000,36.000000,36.000000,37.000000,1,1,1,1,1,1,1,0,0,0,0,0,0,0,75,5400.234863,967,0,1,0.468335,0.010000,-0.272000,3.111000,-0.038000,0.000000,1
10.502227,-16.589001,-66.413002,-0.063000,116.794998,23.656000,39.606998,162.041000,0.000000,0.000000,0.000000,0.000000,0.000000,0.000000,0.000000,264.000000,-1245.000000,189.000000,-1417.000000,205.000000,-71.000000,-32.000000,22.000000,22.000000,22.000000,22.000000,22.000000,22.000000,22.000000,34.000000,34.000000,35.000000,36.000000,36.000000,36.000000,37.000000,1,1,1,1,1,1,1,0,0,0,0,0,0,0,75,5400.235840,968,0,1,0.471101,0.010000,-0.272000,3.110000,-0.041000,0.000000,1
10.512238,-16.667000,-66.142998,-0.027000,116.286003,23.674999,39.633999,162.141006,0.000000,0.000000,0.000000,0.000000,0.000000,0.000000,0.000000,264.000000,-1245.000000,189.000000,-1417.000000,205.000000,-71.000000,-32.000000,22.000000,22.000000,22.000000,22.000000,22.000000,22.000000,22.000000,34.000000,34.000000,35.000000,36.000000,36.000000,36.000000,37.000000,1,1,1,1,1,1,1,0,0,0,0,0,0,0,75,5400.235840,967,0,1,0.474084,0.010000,-0.272000,3.109000,-0.045000,0.000000,1
10.522199,-16.771000,-65.811996,0.026000,115.656998,23.709999,39.632000,162.268005,0.000000,0.000000,0.000000,0.000000,0.000000,0.000000,0.000000,264.000000,-1245.000000,189.000000,-1417.000000,205.000000,-71.000000,-32.000000,22.000000,22.000000,22.000000,22.000000,22.000000,22.000000,22.000000,34.000000,34.000000,35.000000,36.000000,36.000000,36.000000,37.000000,1,1,1,1,1,1,1,0,0,0,0,0,0,0,75,5400.237793,968,0,1,0.477968,0.010000,-0.272000,3.108000,-0.050000,-0.001000,1
10.532188,-16.868000,-65.529999,0.080000,115.116997,23.747999,39.599998,162.380997,0.000000,0.000000,0.000000,0.000000,0.000000,0.000000,0.000000,264.000000,-1245.000000,189.000000,-1417.000000,205.000000,-71.000000,-32.000000,22.000000,22.000000,22.000000,22.000000,22.000000,22.000000,22.000000,34.000000,34.000000,35.000000,36.000000,36.000000,36.000000,37.000000,1,1,1,1,1,1,1,0,0,0,0,0,0,0,75,5400.235840,967,0,1,0.481472,0.010000,-0.271999,3.107000,-0.055000,-0.001000,1
10.542339,-16.974001,-65.240997,0.142000,114.563004,23.795000,39.539001,162.500000,0.000000,0.000000,0.000000,0.000000,0.000000,0.000000,0.000000,264.000000,-1245.000000,189.000000,-1417.000000,205.000000,-71.000000,-32.000000,22.000000,22.000000,22.000000,22.000000,22.000000,22.000000,22.000000,34.000000,34.000000,35.000000,36.000000,36.000000,36.000000,37.000000,1,1,1,1,1,1,1,0,0,0,0,0,0,0,75,5400.235840,968,0,1,0.485227,0.010000,-0.272000,3.106000,-0.060000,-0.001000,1
10.552206,-17.089001,-64.944000,0.213000,113.994003,23.851999,39.448002,162.623993,0.000000,0.000000,0.000000,0.000000,0.000000,0.000000,0.000000,264.000000,-1245.000000,189.000000,-1417.000000,205.000000,-71.000000,-32.000000,22.000000,22.000000,22.000000,22.000000,22.000000,22.000000,22.000000,34.000000,34.000000,35.000000,36.000000,36.000000,36.000000,37.000000,1,1,1,1,1,1,1,0,0,0,0,0,0,0,75,5400.234863,968,0,1,0.489241,0.010000,-0.272000,3.105000,-0.066000,-0.002000,1
10.562166,-17.240999,-64.577003,0.311000,113.291000,23.933001,39.296001,162.781998,0.000000,0.000000,0.000000,0.000000,0.000000,0.000000,0.000000,264.000000,-1245.000000,189.000000,-1417.000000,205.000000,-71.000000,-32.000000,22.000000,22.000000,22.000000,22.000000,22.000000,22.000000,22.000000,34.000000,34.000000,35.000000,36.000000,36.000000,36.000000,37.000000,1,1,1,1,1,1,1,0,0,0,0,0,0,0,75,5400.235840,967,0,1,0.494408,0.010000,-0.271999,3.104000,-0.074000,-0.002000,1
10.572066,-17.379999,-64.261002,0.403000,112.689003,24.010000,39.132000,162.921005,0.000000,0.000000,0.000000,0.000000,0.000000,0.000000,0.000000,264.000000,-1245.000000,189.000000,-1417.000000,205.000000,-71.000000,-32.000000,22.000000,22.000000,22.000000,22.000000,22.000000,22.000000,22.000000,34.000000,34.000000,35.000000,36.000000,36.000000,36.000000,37.000000,1,1,1,1,1,1,1,0,0,0,0,0,0,0,75,5400.235840,967,0,1,0.499010,0.010000,-0.271999,3.102000,-0.082000,-0.003000,1
10.582102,-17.530001,-63.933998,0.505000,112.070999,24.098000,38.933998,163.065994,0.000000,0.000000,0.000000,0.000000,0.000000,0.000000,0.000000,264.000000,-1245.000000,189.000000,-1417.000000,205.000000,-71.000000,-32.000000,22.000000,22.000000,22.000000,22.000000,22.000000,22.000000,22.000000,34.000000,34.000000,35.000000,36.000000,36.000000,36.000000,37.000000,1,1,1,1,1,1,1,0,0,0,0,0,0,0,75,5400.234863,967,0,1,0.503882,0.010000,-0.271999,3.101000,-0.090000,-0.003000,1
10.592317,-17.625999,-63.733002,0.571000,111.693001,24.153999,38.798000,163.156006,0.000000,0.000000,0.000000,0.000000,0.000000,0.000000,0.000000,264.000000,-1245.000000,189.000000,-1417.000000,205.000000,-71.000000,-32.000000,22.000000,22.000000,22.000000,22.000000,22.000000,22.000000,22.000000,34.000000,34.000000,35.000000,36.000000,36.000000,36.000000,37.000000,1,1,1,1,1,1,1,0,0,0,0,0,0,0,75,5400.234863,968,0,1,0.506936,0.010000,-0.272000,3.100000,-0.095000,-0.003000,1
10.602162,-17.795000,-63.387001,0.689000,111.050003,24.257000,38.542000,163.311005,0.000000,0.000000,0.000000,0.000000,0.000000,0.000000,0.000000,264.000000,-1245.000000,189.000000,-1417.000000,205.000000,-71.000000,-32.000000,22.000000,22.000000,22.000000,22.000000,22.000000,22.000000,22.000000,34.000000,34.000000,35.000000,36.000000,36.000000,36.000000,37.000000,1,1,1,1,1,1,1,0,0,0,0,0,0,0,75,5400.234863,968,0,1,0.512240,0.010000,-0.271999,3.098000,-0.104000,-0.004000,1
10.612186,-18.014000,-62.955002,0.845000,110.258003,24.392000,38.187000,163.505005,0.000000,0.000000,0.000000,0.000000,0.000000,0.000000,0.000000,264.000000,-1245.000000,189.000000,-1417.000000,205.000000,-71.000000,-32.000000,22.000000,22.000000,22.000000,22.000000,22.000000,22.000000,22.000000,34.000000,34.000000,35.000000,36.000000,36.000000,36.000000,37.000000,1,1,1,1,1,1,1,0,0,0,0,0,0,0,75,5400.234863,968,0,1,0.518957,0.010000,-0.271999,3.096000,-0.116000,-0.004000,1
10.622141,-18.211000,-62.578999,0.987000,109.582001,24.514000,37.848999,163.673004,0.000000,0.000000,0.000000,0.000000,0.000000,0.000000,0.000000,264.000000,-1245.000000,189.000000,-1417.000000,205.000000,-71.000000,-32.000000,22.000000,22.000000,22.000000,22.000000,22.000000,22.000000,22.000000,34.000000,34.000000,35.000000,36.000000,36.000000,36.000000,37.000000,1,1,1,1,1,1,1,0,0,0,0,0,0,0,75,5400.235840,968,0,1,0.524841,0.010000,-0.271999,3.094000,-0.126000,-0.005000,1
10.632143,-18.421000,-62.188000,1.140000,108.889999,24.646000,37.473999,163.848007,0.000000,0.000000,0.000000,0.000000,0.000000,0.000000,0.000000,264.000000,-1245.000000,189.000000,-1417.000000,205.000000,-71.000000,-32.000000,22.000000,22.000000,22.000000,22.000000,22.000000,22.000000,22.000000,34.000000,34.000000,35.000000,36.000000,36.000000,36.000000,37.000000,1,1,1,1,1,1,1,0,0,0,0,0,0,0,75,5400.235840,968,0,1,0.530978,0.010000,-0.271999,3.092000,-0.138000,-0.005000,1
10.642189,-18.645000,-61.780998,1.304000,108.182999,24.785000,37.062000,164.028000,0.000000,0.000000,0.000000,0.000000,0.000000,0.000000,0.000000,264.000000,-1245.000000,189.000000,-1417.000000,205.000000,-71.000000,-32.000000,22.000000,22.000000,22.000000,22.000000,22.000000,22.000000,22.000000,34.000000,34.000000,35.000000,36.000000,36.000000,36.000000,37.000000,1,1,1,1,1,1,1,0,0,0,0,0,0,0,75,5400.235840,971,0,1,0.537361,0.010000,-0.271999,3.089000,-0.149000,-0.006000,1
10.652105,-18.931999,-61.270000,1.516000,107.315002,24.962000,36.520000,164.251999,0.000000,0.000000,0.000000,0.000000,0.000000,0.000000,0.000000,264.000000,-1245.000000,189.000000,-1417.000000,205.000000,-71.000000,-32.000000,22.000000,22.000000,22.000000,22.000000,22.000000,22.000000,22.000000,34.000000,34.000000,35.000000,36.000000,36.000000,36.000000,37.000000,1,1,1,1,1,1,1,0,0,0,0,0,0,0,75,5400.235840,967,0,1,0.545328,0.010000,-0.271999,3.087000,-0.164000,-0.006000,1
10.662107,-19.188000,-60.825001,1.705000,106.574997,25.118000,36.028000,164.445007,0.000000,0.000000,0.000000,0.000000,0.000000,0.000000,0.000000,264.000000,-1245.000000,189.000000,-1417.000000,205.000000,-71.000000,-32.000000,22.000000,22.000000,22.000000,22.000000,22.000000,22.000000,22.000000,34.000000,34.000000,35.000000,36.000000,36.000000,36.000000,37.000000,1,1,1,1,1,1,1,0,0,0,0,0,0,0,75,5400.234863,967,0,1,0.552211,0.010000,-0.271999,3.084000,-0.177000,-0.007000,1
10.672205,-19.459000,-60.362000,1.905000,105.820000,25.280001,35.501999,164.643005,0.000000,0.000000,0.000000,0.000000,0.000000,0.000000,0.000000,264.000000,-1245.000000,189.000000,-1417.000000,205.000000,-71.000000,-32.000000,22.000000,22.000000,22.000000,22.000000,22.000000,22.000000,22.000000,34.000000,34.000000,35.000000,36.000000,36.000000,36.000000,37.000000,1,1,1,1,1,1,1,0,0,0,0,0,0,0,75,5400.235840,967,0,1,0.559300,0.010000,-0.271999,3.082000,-0.191000,-0.007000,1
10.682158,-19.743999,-59.879002,2.117000,105.051003,25.448000,34.943001,164.847000,0.000000,0.000000,0.000000,0.000000,0.000000,0.000000,0.000000,264.000000,-1245.000000,189.000000,-1417.000000,205.000000,-71.000000,-32.000000,22.000000,22.000000,22.000000,22.000000,22.000000,22.000000,22.000000,34.000000,34.000000,35.000000,36.000000,36.000000,36.000000,37.000000,1,1,1,1,1,1,1,0,0,0,0,0,0,0,75,5400.235840,968,0,1,0.566581,0.010000,-0.271999,3.079000,-0.205000,-0.008000,1
10.692157,-20.046000,-59.377998,2.340000,104.265999,25.621000,34.353001,165.056000,0.000000,0.000000,0.000000,0.000000,0.000000,0.000000,0.000000,264.000000,-1245.000000,189.000000,-1417.000000,205.000000,-71.000000,-32.000000,22.000000,22.000000,22.000000,22.000000,22.000000,22.000000,22.000000,34.000000,34.000000,35.000000,36.000000,36.000000,36.000000,37.000000,1,1,1,1,1,1,1,0,0,0,0,0,0,0,75,5400.234863,967,0,1,0.574037,0.010000,-0.271999,3.076000,-0.219000,-0.008000,1
10.702138,-20.364000,-58.856998,2.575000,103.467003,25.798000,33.735001,165.270996,0.000000,0.000000,0.000000,0.000000,0.000000,0.000000,0.000000,264.000000,-1245.000000,189.000000,-1417.000000,205.000000,-71.000000,-32.000000,22.000000,22.000000,22.000000,22.000000,22.000000,22.000000,22.000000,34.000000,34.000000,35.000000,36.000000,36.000000,36.000000,37.000000,1,1,1,1,1,1,1,0,0,0,0,0,0,0,75,5400.234863,968,0,1,0.581650,0.010000,-0.271999,3.074000,-0.234000,-0.008000,1
10.712163,-20.697001,-58.316002,2.820000,102.652000,25.978001,33.091000,165.490997,0.000000,0.000000,0.000000,0.000000,0.000000,0.000000,0.000000,264.000000,-1245.000000,189.000000,-1417.000000,205.000000,-71.000000,-32.000000,22.000000,22.000000,22.000000,22.000000,22.000000,22.000000,22.000000,34.000000,34.000000,35.000000,36.000000,36.000000,36.000000,37.000000,1,1,1,1,1,1,1,0,0,0,0,0,0,0,75,5400.234863,968,0,1,0.589403,0.010000,-0.271999,3.071000,-0.249000,-0.009000,1
10.722202,-20.906000,-57.983002,2.972000,102.155998,26.087000,32.693001,165.625000,0.000000,0.000000,0.000000,0.000000,0.000000,0.000000,0.000000,264.000000,-1245.000000,189.000000,-1417.000000,205.000000,-71.000000,-32.000000,22.000000,22.000000,22.000000,22.000000,22.000000,22.000000,22.000000,34.000000,34.000000,35.000000,36.000000,36.000000,36.000000,37.000000,1,1,1,1,1,1,1,0,0,0,0,0,0,0,75,5400.235840,967,0,1,0.594114,0.010000,-0.271999,3.069000,-0.258000,-0.009000,1
10.732091,-21.267000,-57.410999,3.233000,101.317001,26.271000,32.014999,165.852997,0.000000,0.000000,0.000000,0.000000,0.000000,0.000000,0.000000,264.000000,-1245.000000,189.000000,-1417.000000,205.000000,-71.000000,-32.000000,22.000000,22.000000,22.000000,22.000000,22.000000,22.000000,22.000000,34.000000,34.000000,35.000000,36.000000,36.000000,36.000000,37.000000,1,1,1,1,1,1,1,0,0,0,0,0,0,0,75,5400.234863,968,0,1,0.602049,0.010000,-0.271999,3.066000,-0.274000,-0.009000,1
10.742087,-21.722000,-56.701000,3.560000,100.289001,26.493000,31.179001,166.134995,0.000000,0.000000,0.000000,0.000000,0.000000,0.000000,0.000000,264.000000,-1245.000000,189.000000,-1417.000000,205.000000,-71.000000,-32.000000,22.000000,22.000000,22.000000,22.000000,22.000000,22.000000,22.000000,34.000000,34.000000,35.000000,36.000000,36.000000,36.000000,37.000000,1,1,1,1,1,1,1,0,0,0,0,0,0,0,75,5400.235840,968,0,1,0.611684,0.010000,-0.271999,3.062000,-0.292000,-0.009000,1
10.752120,-22.121000,-56.089001,3.843000,99.415001,26.677999,30.469000,166.375000,0.000000,0.000000,0.000000,0.000000,0.000000,0.000000,0.000000,264.000000,-1245.000000,189.000000,-1417.000000,205.000000,-71.000000,-32.000000,22.000000,22.000000,22.000000,22.000000,22.000000,22.000000,22.000000,34.000000,34.000000,35.000000,36.000000,36.000000,36.000000,37.000000,1,1,1,1,1,1,1,0,0,0,0,0,0,0,75,5400.234863,968,0,1,0.619782,0.010000,-0.271999,3.059000,-0.308000,-0.010000,1
10.762193,-22.537001,-55.460999,4.134000,98.525002,26.861000,29.750000,166.621002,0.000000,0.000000,0.000000,0.000000,0.000000,0.000000,0.000000,264.000000,-1245.000000,189.000000,-1417.000000,205.000000,-71.000000,-32.000000,22.000000,22.000000,22.000000,22.000000,22.000000,22.000000,22.000000,34.000000,34.000000,35.000000,36.000000,36.000000,36.000000,37.000000,1,1,1,1,1,1,1,0,0,0,0,0,0,0,75,5400.235840,967,0,1,0.627920,0.010000,-0.271999,3.056000,-0.324000,-0.010000,1
10.772116,-22.795000,-55.076000,4.312000,97.983002,26.971001,29.318001,166.770996,0.000000,0.000000,0.000000,0.000000,0.000000,0.000000,0.000000,264.000000,-1245.000000,189.000000,-1417.000000,205.000000,-71.000000,-32.000000,22.000000,22.000000,22.000000,22.000000,22.000000,22.000000,22.000000,34.000000,34.000000,35.000000,36.000000,36.000000,36.000000,37.000000,1,1,1,1,1,1,1,0,0,0,0,0,0,0,75,5400.234863,968,0,1,0.632813,0.010000,-0.271999,3.055000,-0.334000,-0.010000,1
10.782127,-23.514999,-54.023998,4.801000,96.512001,27.257999,28.164000,167.181000,0.000000,0.000000,0.000000,0.000000,0.000000,0.000000,0.000000,264.000000,-1245.000000,189.000000,-1417.000000,205.000000,-71.000000,-32.000000,22.000000,22.000000,22.000000,22.000000,22.000000,22.000000,22.000000,34.000000,34.000000,35.000000,36.000000,36.000000,36.000000,37.000000,1,1,1,1,1,1,1,0,0,0,0,0,0,0,75,5400.235840,968,0,1,0.645855,0.010000,-0.272000,3.050000,-0.359000,-0.010000,1
10.792108,-23.987000,-53.349998,5.116000,95.573997,27.433001,27.448000,167.444000,0.000000,0.000000,0.000000,0.000000,0.000000,0.000000,0.000000,264.000000,-1245.000000,189.000000,-1417.000000,205.000000,-71.000000,-32.000000,22.000000,22.000000,22.000000,22.000000,22.000000,22.000000,22.000000,34.000000,34.000000,35.000000,36.000000,36.000000,36.000000,37.000000,1,1,1,1,1,1,1,0,0,0,0,0,0,0,75,5400.237793,967,0,1,0.653973,0.010000,-0.272000,3.046000,-0.375000,-0.010000,1
10.802196,-24.478001,-52.666000,5.435000,94.620003,27.604000,26.742001,167.714005,0.000000,0.000000,0.000000,0.000000,0.000000,0.000000,0.000000,264.000000,-1245.000000,189.000000,-1417.000000,205.000000,-71.000000,-32.000000,22.000000,22.000000,22.000000,22.000000,22.000000,22.000000,22.000000,34.000000,34.000000,35.000000,36.000000,36.000000,36.000000,37.000000,1,1,1,1,1,1,1,0,0,0,0,0,0,0,75,5400.235840,968,0,1,0.662038,0.010000,-0.272000,3.043000,-0.391000,-0.010000,1
10.812197,-24.985001,-51.973000,5.760000,93.653000,27.770000,26.051001,167.988998,0.000000,0.000000,0.000000,0.000000,0.000000,0.000000,0.000000,264.000000,-1245.000000,189.000000,-1417.000000,205.000000,-71.000000,-32.000000,22.000000,22.000000,22.000000,22.000000,22.000000,22.000000,22.000000,34.000000,34.000000,35.000000,36.000000,36.000000,36.000000,37.000000,1,1,1,1,1,1,1,0,0,0,0,0,0,0,75,5400.235840,968,0,1,0.670029,0.010000,-0.272000,3.040000,-0.407000,-0.009000,1
10.822139,-25.298000,-51.554001,5.956000,93.067001,27.867001,25.646000,168.156006,0.000000,0.000000,0.000000,0.000000,0.000000,0.000000,0.000000,264.000000,-1245.000000,189.000000,-1417.000000,205.000000,-71.000000,-32.000000,22.000000,22.000000,22.000000,22.000000,22.000000,22.000000,22.000000,34.000000,34.000000,35.000000,36.000000,36.000000,36.000000,37.000000,1,1,1,1,1,1,1,0,0,0,0,0,0,0,75,5400.234863,968,0,1,0.674780,0.010000,-0.272000,3.038000,-0.416000,-0.009000,1
10.832146,-25.832001,-50.851002,6.286000,92.079002,28.025000,24.987000,168.440002,0.000000,0.000000,0.000000,0.000000,0.000000,0.000000,0.000000,264.000000,-1245.000000,189.000000,-1417.000000,205.000000,-71.000000,-32.000000,22.000000,22.000000,22.000000,22.000000,22.000000,22.000000,22.000000,34.000000,34.000000,35.000000,36.000000,36.000000,36.000000,37.000000,1,1,1,1,1,1,1,0,0,0,0,0,0,0,75,5400.235840,967,0,1,0.682611,0.010000,-0.272000,3.035000,-0.431000,-0.009000,1
10.842195,-26.493999,-50.002998,6.685000,90.877998,28.205000,24.231001,168.787994,0.000000,0.000000,0.000000,0.000000,0.000000,0.000000,0.000000,264.000000,-1245.000000,189.000000,-1417.000000,205.000000,-71.000000,-32.000000,22.000000,22.000000,22.000000,22.000000,22.000000,22.000000,22.000000,34.000000,34.000000,35.000000,36.000000,36.000000,36.000000,37.000000,1,1,1,1,1,1,1,0,0,0,0,0,0,0,75,5400.235840,967,0,1,0.691840,0.010000,-0.272000,3.032000,-0.449000,-0.009000,1
10.852170,-27.062000,-49.296001,7.017000,89.865997,28.349001,23.635000,169.084000,0.000000,0.000000,0.000000,0.000000,0.000000,0.000000,0.000000,264.000000,-1245.000000,189.000000,-1417.000000,205.000000,-71.000000,-32.000000,22.000000,22.000000,22.000000,22.000000,22.000000,22.000000,22.000000,34.000000,34.000000,35.000000,36.000000,36.000000,36.000000,37.000000,1,1,1,1,1,1,1,0,0,0,0,0,0,0,75,5400.235840,968,0,1,0.699368,0.010000,-0.272000,3.029000,-0.463000,-0.008000,1
10.862134,-27.642000,-48.590000,7.349000,88.845001,28.485001,23.073000,169.384003,0.000000,0.000000,0.000000,0.000000,0.000000,0.000000,0.000000,264.000000,-1245.000000,189.000000,-1417.000000,205.000000,-71.000000,-32.000000,22.000000,22.000000,22.000000,22.000000,22.000000,22.000000,22.000000,34.000000,34.000000,35.000000,36.000000,36.000000,36.000000,37.000000,1,1,1,1,1,1,1,0,0,0,0,0,0,0,75,5400.235840,968,0,1,0.706730,0.010000,-0.272000,3.026000,-0.477000,-0.008000,1
10.872164,-28.235001,-47.888000,7.679000,87.817001,28.614000,22.548000,169.690002,0.000000,0.000000,0.000000,0.000000,0.000000,0.000000,0.000000,264.000000,-1245.000000,189.000000,-1417.000000,205.000000,-71.000000,-32.000000,22.000000,22.000000,22.000000,22.000000,22.000000,22.000000,22.000000,34.000000,34.000000,35.000000,36.000000,36.000000,36.000000,37.000000,1,1,1,1,1,1,1,0,0,0,0,0,0,0,75,5400.234863,968,0,1,0.713908,0.010000,-0.272000,3.023000,-0.491000,-0.008000,1
10.882100,-28.837999,-47.192001,8.007000,86.782997,28.736000,22.063000,169.998993,0.000000,0.000000,0.000000,0.000000,0.000000,0.000000,0.000000,264.000000,-1245.000000,189.000000,-1417.000000,205.000000,-71.000000,-32.000000,22.000000,22.000000,22.000000,22.000000,22.000000,22.000000,22.000000,34.000000,34.000000,35.000000,36.000000,36.000000,36.000000,37.000000,1,1,1,1,1,1,1,0,0,0,0,0,0,0,75,5400.235840,967,0,1,0.720888,0.010000,-0.272000,3.020000,-0.504000,-0.007000,1
10.892155,-29.570000,-46.368000,8.394000,85.537003,28.863001,21.535999,170.380997,0.000000,0.000000,0.000000,0.000000,0.000000,0.000000,0.000000,264.000000,-1245.000000,189.000000,-1417.000000,205.000000,-71.000000,-32.000000,22.000000,22.000000,22.000000,22.000000,22.000000,22.000000,22.000000,34.000000,34.000000,35.000000,36.000000,36.000000,36.000000,37.000000,1,1,1,1,1,1,1,0,0,0,0,0,0,0,75,5400.234863,968,0,1,0.728982,0.010000,-0.272000,3.017000,-0.519000,-0.007000,1
10.902096,-30.186001,-45.692001,8.711000,84.499001,28.961000,21.146000,170.701996,0.000000,0.000000,0.000000,0.000000,0.000000,0.000000,0.000000,264.000000,-1245.000000,189.000000,-1417.000000,205.000000,-71.000000,-32.000000,22.000000,22.000000,22.000000,22.000000,22.000000,22.000000,22.000000,34.000000,34.000000,35.000000,36.000000,36.000000,36.000000,37.000000,1,1,1,1,1,1,1,0,0,0,0,0,0,0,75,5400.235840,968,0,1,0.735477,0.009999,-0.271999,3.015000,-0.531000,-0.006000,1
10.912155,-30.804001,-45.028999,9.020000,83.461998,29.051001,20.802999,171.024994,0.000000,0.000000,0.000000,0.000000,0.000000,0.000000,0.000000,264.000000,-1245.000000,189.000000,-1417.000000,205.000000,-71.000000,-32.000000,22.000000,22.000000,22.000000,22.000000,22.000000,22.000000,22.000000,34.000000,34.000000,35.000000,36.000000,36.000000,36.000000,37.000000,1,1,1,1,1,1,1,0,0,0,0,0,0,0,75,5400.235840,968,0,1,0.741733,0.010000,-0.271999,3.012000,-0.543000,-0.006000,1
10.922151,-31.424000,-44.381001,9.321000,82.428001,29.132999,20.506001,171.348999,0.000000,0.000000,0.000000,0.000000,0.000000,0.000000,0.000000,264.000000,-1245.000000,189.000000,-1417.000000,205.000000,-71.000000,-32.000000,22.000000,22.000000,22.000000,22.000000,22.000000,22.000000,22.000000,34.000000,34.000000,35.000000,36.000000,36.000000,36.000000,37.000000,1,1,1,1,1,1,1,0,0,0,0,0,0,0,75,5400.234863,968,0,1,0.747741,0.010000,-0.271999,3.010000,-0.553000,-0.005000,1
10.932192,-32.164001,-43.624001,9.669000,81.195999,29.221001,20.212999,171.738007,0.000000,0.000000,0.000000,0.000000,0.000000,0.000000,0.000000,264.000000,-1245.000000,189.000000,-1417.000000,205.000000,-71.000000,-32.000000,22.000000,22.000000,22.000000,22.000000,22.000000,22.000000,22.000000,34.000000,34.000000,35.000000,36.000000,36.000000,36.000000,37.000000,1,1,1,1,1,1,1,0,0,0,0,0,0,0,75,5400.234863,968,0,1,0.754613,0.009999,-0.272000,3.007000,-0.566000,-0.005000,1
10.942255,-32.409000,-43.377998,9.781000,80.788002,29.247999,20.131001,171.867004,0.000000,0.000000,0.000000,0.000000,0.000000,0.000000,0.000000,264.000000,-1245.000000,189.000000,-1417.000000,205.000000,-71.000000,-32.000000,22.000000,22.000000,22.000000,22.000000,22.000000,22.000000,22.000000,34.000000,34.000000,35.000000,36.000000,36.000000,36.000000,37.000000,1,1,1,1,1,1,1,0,0,0,0,0,0,0,75,5400.235840,967,0,1,0.756820,0.009999,-0.272000,3.006000,-0.569000,-0.004000,1
10.952251,-33.015999,-42.773998,10.054000,79.776001,29.309000,19.958000,172.188995,0.000000,0.000000,0.000000,0.000000,0.000000,0.000000,0.000000,264.000000,-1245.000000,189.000000,-1417.000000,205.000000,-71.000000,-32.000000,22.000000,22.000000,22.000000,22.000000,22.000000,22.000000,22.000000,34.000000,34.000000,35.000000,36.000000,36.000000,36.000000,37.000000,1,1,1,1,1,1,1,0,0,0,0,0,0,0,75,5400.235840,967,0,1,0.762151,0.009999,-0.271999,3.004000,-0.579000,-0.004000,1
10.962164,-33.731998,-42.074001,10.365000,78.575996,29.372000,19.813000,172.572006,0.000000,0.000000,0.000000,0.000000,0.000000,0.000000,0.000000,264.000000,-1245.000000,189.000000,-1417.000000,205.000000,-71.000000,-32.000000,22.000000,22.000000,22.000000,22.000000,22.000000,22.000000,22.000000,34.000000,34.000000,35.000000,36.000000,36.000000,36.000000,37.000000,1,1,1,1,1,1,1,0,0,0,0,0,0,0,75,5400.235840,967,0,1,0.768195,0.010000,-0.271999,3.002000,-0.589000,-0.003000,1
10.972127,-34.313999,-41.513000,10.608000,77.593002,29.416000,19.742001,172.886993,0.000000,0.000000,0.000000,0.000000,0.000000,0.000000,0.000000,264.000000,-1245.000000,189.000000,-1417.000000,205.000000,-71.000000,-32.000000,22.000000,22.000000,22.000000,22.000000,22.000000,22.000000,22.000000,34.000000,34.000000,35.000000,36.000000,36.000000,36.000000,37.000000,1,1,1,1,1,1,1,0,0,0,0,0,0,0,75,5400.235840,967,0,1,0.772936,0.010000,-0.271999,3.000000,-0.596000,-0.003000,1
10.982122,-34.880001,-40.973000,10.836000,76.625999,29.452999,19.715000,173.197006,0.000000,0.000000,0.000000,0.000000,0.000000,0.000000,0.000000,264.000000,-1245.000000,189.000000,-1417.000000,205.000000,-71.000000,-32.000000,22.000000,22.000000,22.000000,22.000000,22.000000,22.000000,22.000000,34.000000,34.000000,35.000000,36.000000,36.000000,36.000000,37.000000,1,1,1,1,1,1,1,0,0,0,0,0,0,0,75,5400.237793,968,0,1,0.777409,0.009999,-0.271999,2.998000,-0.604000,-0.002000,1
10.992166,-35.535000,-40.352001,11.090000,75.488998,29.486000,19.740000,173.561005,0.000000,0.000000,0.000000,0.000000,0.000000,0.000000,0.000000,264.000000,-1245.000000,189.000000,-1417.000000,205.000000,-71.000000,-32.000000,22.000000,22.000000,22.000000,22.000000,22.000000,22.000000,22.000000,34.000000,34.000000,35.000000,36.000000,36.000000,36.000000,37.000000,1,1,1,1,1,1,1,0,0,0,0,0,0,0,75,5400.235840,968,0,1,0.782425,0.010000,-0.271999,2.997000,-0.611000,-0.002000,1
11.002106,-36.056999,-39.856998,11.283000,74.563004,29.504999,19.806000,173.856995,0.000000,0.000000,0.000000,0.000000,0.000000,0.000000,0.000000,264.000000,-1245.000000,189.000000,-1417.000000,205.000000,-71.000000,-32.000000,22.000000,22.000000,22.000000,22.000000,22.000000,22.000000,22.000000,34.000000,34.000000,35.000000,36.000000,36.000000,36.000000,37.000000,1,1,1,1,1,1,1,0,0,0,0,0,0,0,75,5400.235840,968,0,1,0.786318,0.009999,-0.271999,2.995000,-0.617000,-0.002000,1
11.012212,-36.556000,-39.383999,11.460000,73.656998,29.517000,19.910000,174.145004,0.000000,0.000000,0.000000,0.000000,0.000000,0.000000,0.000000,264.000000,-1245.000000,189.000000,-1417.000000,205.000000,-71.000000,-32.000000,22.000000,22.000000,22.000000,22.000000,22.000000,22.000000,22.000000,34.000000,34.000000,35.000000,36.000000,36.000000,36.000000,37.000000,1,1,1,1,1,1,1,0,0,0,0,0,0,0,75,5400.235840,967,0,1,0.789956,0.009999,-0.271999,2.994000,-0.622000,-0.001000,1
11.022103,-36.842999,-39.109001,11.557000,73.124001,29.520000,19.990999,174.313995,0.000000,0.000000,0.000000,0.000000,0.000000,0.000000,0.000000,264.000000,-1245.000000,189.000000,-1417.000000,205.000000,-71.000000,-32.000000,22.000000,22.000000,22.000000,22.000000,22.000000,22.000000,22.000000,34.000000,34.000000,35.000000,36.000000,36.000000,36.000000,37.000000,1,1,1,1,1,1,1,0,0,0,0,0,0,0,75,5400.235840,968,0,1,0.792021,0.010000,-0.271999,2.993000,-0.625000,-0.001000,1
11.032135,-37.301998,-38.667000,11.707000,72.251999,29.521000,20.153000,174.589005,0.000000,0.000000,0.000000,0.000000,0.000000,0.000000,0.000000,264.000000,-1245.000000,189.000000,-1417.000000,205.000000,-71.000000,-32.000000,22.000000,22.000000,22.000000,22.000000,22.000000,22.000000,22.000000,34.000000,34.000000,35.000000,36.000000,36.000000,36.000000,37.000000,1,1,1,1,1,1,1,0,0,0,0,0,0,0,75,5400.235840,967,0,1,0.795270,0.009999,-0.272000,2.993000,-0.629000,-0.001000,1
11.042246,-37.981998,-37.999001,11.912000,70.901001,29.507000,20.479000,175.009995,0.000000,0.000000,0.000000,0.000000,0.000000,0.000000,0.000000,264.000000,-1245.000000,189.000000,-1417.000000,205.000000,-71.000000,-32.000000,22.000000,22.000000,22.000000,22.000000,22.000000,22.000000,22.000000,34.000000,34.000000,35.000000,36.000000,36.000000,36.000000,37.000000,1,1,1,1,1,1,1,0,0,0,0,0,0,0,75,5400.235840,968,0,1,0.799995,0.010000,-0.272000,2.991000,-0.634000,0.000000,1
11.052166,-38.141998,-37.840000,11.957000,70.570999,29.502001,20.573000,175.110992,0.000000,0.000000,0.000000,0.000000,0.000000,0.000000,0.000000,264.000000,-1245.000000,189.000000,-1417.000000,205.000000,-71.000000,-32.000000,22.000000,22.000000,22.000000,22.000000,22.000000,22.000000,22.000000,34.000000,34.000000,35.000000,36.000000,36.000000,36.000000,37.000000,1,1,1,1,1,1,1,0,0,0,0,0,0,0,75,5400.235840,967,0,1,0.801090,0.009999,-0.271999,2.991000,-0.635000,0.000000,1
11.062267,-38.595001,-37.375999,12.076000,69.600998,29.478001,20.879999,175.406998,0.000000,0.000000,0.000000,0.000000,0.000000,0.000000,0.000000,264.000000,-1245.000000,189.000000,-1417.000000,205.000000,-71.000000,-32.000000,22.000000,22.000000,22.000000,22.000000,22.000000,22.000000,22.000000,34.000000,34.000000,35.000000,36.000000,36.000000,36.000000,37.000000,1,1,1,1,1,1,1,0,0,0,0,0,0,0,75,5400.235840,968,0,1,0.804182,0.009999,-0.272000,2.990000,-0.638000,0.000000,1
11.072180,-38.945000,-37.006001,12.159000,68.814003,29.452000,21.164000,175.643997,0.000000,0.000000,0.000000,0.000000,0.000000,0.000000,0.000000,264.000000,-1245.000000,189.000000,-1417.000000,205.000000,-71.000000,-32.000000,22.000000,22.000000,22.000000,22.000000,22.000000,22.000000,22.000000,34.000000,34.000000,35.000000,36.000000,36.000000,36.000000,37.000000,1,1,1,1,1,1,1,0,0,0,0,0,0,0,75,5400.235840,967,0,1,0.806553,0.009999,-0.271999,2.990000,-0.640000,0.000000,1
11.082144,-39.271000,-36.650002,12.229000,68.042999,29.421000,21.469999,175.871994,0.000000,0.000000,0.000000,0.000000,0.000000,0.000000,0.000000,264.000000,-1245.000000,189.000000,-1417.000000,205.000000,-71.000000,-32.000000,22.000000,22.000000,22.000000,22.000000,22.000000,22.000000,22.000000,34.000000,34.000000,35.000000,36.000000,36.000000,36.000000,37.000000,1,1,1,1,1,1,1,0,0,0,0,0,0,0,75,5400.235840,967,0,1,0.808753,0.009999,-0.272000,2.989000,-0.642000,0.000000,1
11.092231,-39.575001,-36.306000,12.287000,67.287003,29.385000,21.797001,176.093002,0.000000,0.000000,0.000000,0.000000,0.000000,0.000000,0.000000,264.000000,-1245.000000,189.000000,-1417.000000,205.000000,-71.000000,-32.000000,22.000000,22.000000,22.000000,22.000000,22.000000,22.000000,22.000000,34.000000,34.000000,35.000000,36.000000,36.000000,36.000000,37.000000,1,1,1,1,1,1,1,0,0,0,0,0,0,0,75,5400.234863,968,0,1,0.810802,0.009999,-0.271999,2.989000,-0.643000,0.000000,1
11.102187,-39.912998,-35.907001,12.342000,66.397003,29.337000,22.212000,176.348999,0.000000,0.000000,0.000000,0.000000,0.000000,0.000000,0.000000,264.000000,-1245.000000,189.000000,-1417.000000,205.000000,-71.000000,-32.000000,22.000000,22.000000,22.000000,22.000000,22.000000,22.000000,22.000000,34.000000,34.000000,35.000000,36.000000,36.000000,36.000000,37.000000,1,1,1,1,1,1,1,0,0,0,0,0,0,0,75,5400.234863,967,0,1,0.813085,0.009999,-0.271999,2.989000,-0.644000,0.000000,1
11.112226,-40.176998,-35.582001,12.378000,65.666000,29.292000,22.573999,176.557007,0.000000,0.000000,0.000000,0.000000,0.000000,0.000000,0.000000,264.000000,-1245.000000,189.000000,-1417.000000,205.000000,-71.000000,-32.000000,22.000000,22.000000,22.000000,22.000000,22.000000,22.000000,22.000000,34.000000,34.000000,35.000000,36.000000,36.000000,36.000000,37.000000,1,1,1,1,1,1,1,0,0,0,0,0,0,0,75,5400.235840,968,0,1,0.814864,0.009999,-0.272000,2.989000,-0.645000,0.000000,1
11.122158,-40.278000,-35.453999,12.391000,65.375999,29.273001,22.723000,176.639008,0.000000,0.000000,0.000000,0.000000,0.000000,0.000000,0.000000,264.000000,-1245.000000,189.000000,-1417.000000,205.000000,-71.000000,-32.000000,22.000000,22.000000,22.000000,22.000000,22.000000,22.000000,22.000000,34.000000,34.000000,35.000000,36.000000,36.000000,36.000000,37.000000,1,1,1,1,1,1,1,0,0,0,0,0,0,0,75,5400.234863,968,0,1,0.815550,0.010000,-0.271999,2.989000,-0.645000,0.000000,1
11.132161,-40.666000,-34.949001,12.432000,64.221001,29.191999,23.334000,176.962006,0.000000,0.000000,0.000000,0.000000,0.000000,0.000000,0.000000,264.000000,-1245.000000,189.000000,-1417.000000,205.000000,-71.000000,-32.000000,22.000000,22.000000,22.000000,22.000000,22.000000,22.000000,22.000000,34.000000,34.000000,35.000000,36.000000,36.000000,36.000000,37.000000,1,1,1,1,1,1,1,0,0,0,0,0,0,0,75,5400.235840,968,0,1,0.818173,0.009999,-0.271999,2.989000,-0.645000,0.000000,1
11.142241,-40.897999,-34.634998,12.455000,63.500999,29.138000,23.726000,177.162994,0.000000,0.000000,0.000000,0.000000,0.000000,0.000000,0.000000,264.000000,-1245.000000,189.000000,-1417.000000,205.000000,-71.000000,-32.000000,22.000000,22.000000,22.000000,22.000000,22.000000,22.000000,22.000000,34.000000,34.000000,35.000000,36.000000,36.000000,36.000000,37.000000,1,1,1,1,1,1,1,0,0,0,0,0,0,0,75,5400.235840,968,0,1,0.819745,0.009999,-0.272000,2.989000,-0.645000,0.000000,1
11.152150,-41.127998,-34.320999,12.476000,62.778000,29.082001,24.124001,177.365005,0.000000,0.000000,0.000000,0.000000,0.000000,0.000000,0.000000,264.000000,-1245.000000,189.000000,-1417.000000,205.000000,-71.000000,-32.000000,22.000000,22.000000,22.000000,22.000000,22.000000,22.000000,22.000000,34.000000,34.000000,35.000000,36.000000,36.000000,36.000000,37.000000,1,1,1,1,1,1,1,0,0,0,0,0,0,0,75,5400.237793,967,0,1,0.821290,0.010000,-0.271999,2.989000,-0.646000,0.000000,1
11.163152,-41.403000,-33.937000,12.504000,61.897999,29.011000,24.608000,177.610992,0.000000,0.000000,0.000000,0.000000,0.000000,0.000000,0.000000,264.000000,-1245.000000,189.000000,-1417.000000,205.000000,-71.000000,-32.000000,22.000000,22.000000,22.000000,22.000000,22.000000,22.000000,22.000000,34.000000,34.000000,35.000000,36.000000,36.000000,36.000000,37.000000,1,1,1,1,1,1,1,0,0,0,0,0,0,0,75,5400.235840,968,0,1,0.823146,0.009990,-0.272000,2.989000,-0.646000,0.000000,0
11.173095,-41.494999,-33.807999,12.513000,61.602001,28.987000,24.770000,177.694000,0.000000,0.000000,0.000000,0.000000,0.000000,0.000000,0.000000,264.000000,-1245.000000,189.000000,-1417.000000,205.000000,-71.000000,-32.000000,22.000000,22.000000,22.000000,22.000000,22.000000,22.000000,22.000000,34.000000,34.000000,35.000000,36.000000,36.000000,36.000000,37.000000,1,1,1,1,1,1,1,0,0,0,0,0,0,0,75,5400.234863,968,0,1,0.823764,0.009986,-0.271999,2.989000,-0.646000,0.000000,0
11.183233,-41.784000,-33.419998,12.552000,60.703999,28.912001,25.263000,177.953003,0.000000,0.000000,0.000000,0.000000,0.000000,0.000000,0.000000,264.000000,-1245.000000,189.000000,-1417.000000,205.000000,-71.000000,-32.000000,22.000000,22.000000,22.000000,22.000000,22.000000,22.000000,22.000000,34.000000,34.000000,35.000000,36.000000,36.000000,36.000000,37.000000,1,1,1,1,1,1,1,0,0,0,0,0,0,0,75,5400.235840,967,0,1,0.825620,0.010012,-0.272000,2.989000,-0.646000,0.000000,0
11.193133,-42.049000,-33.098000,12.601000,59.941002,28.847000,25.683001,178.188995,0.000000,0.000000,0.000000,0.000000,0.000000,0.000000,0.000000,264.000000,-1245.000000,189.000000,-1417.000000,205.000000,-71.000000,-32.000000,22.000000,22.000000,22.000000,22.000000,22.000000,22.000000,22.000000,34.000000,34.000000,35.000000,36.000000,36.000000,36.000000,37.000000,1,1,1,1,1,1,1,0,0,0,0,0,0,0,75,5400.235840,968,0,1,0.827162,0.010117,-0.271999,2.989000,-0.646000,0.000000,0
11.203148,-42.348999,-32.785000,12.675000,59.167999,28.778999,26.113001,178.451004,0.000000,0.000000,0.000000,0.000000,0.000000,0.000000,0.000000,264.000000,-1245.000000,189.000000,-1417.000000,205.000000,-71.000000,-32.000000,22.000000,22.000000,22.000000,22.000000,22.000000,22.000000,22.000000,34.000000,34.000000,35.000000,36.000000,36.000000,36.000000,37.000000,1,1,1,1,1,1,1,0,0,0,0,0,0,0,75,5400.235840,968,0,1,0.828690,0.010343,-0.271999,2.989000,-0.646000,0.000000,3
11.213115,-42.691002,-32.471001,12.775000,58.362000,28.708000,26.566000,178.744003,0.000000,0.000000,0.000000,0.000000,0.000000,0.000000,0.000000,264.000000,-1245.000000,189.000000,-1417.000000,205.000000,-71.000000,-32.000000,22.000000,22.000000,22.000000,22.000000,22.000000,22.000000,22.000000,34.000000,34.000000,35.000000,36.000000,36.000000,36.000000,37.000000,1,1,1,1,1,1,1,0,0,0,0,0,0,0,75,5400.235840,967,0,1,0.830245,0.010700,-0.271999,2.988000,-0.646000,0.000000,3
11.223123,-43.215000,-32.057999,12.952000,57.248001,28.612000,27.197001,179.182999,0.000000,0.000000,0.000000,0.000000,0.000000,0.000000,0.000000,264.000000,-1245.000000,189.000000,-1417.000000,205.000000,-71.000000,-32.000000,22.000000,22.000000,22.000000,22.000000,22.000000,22.000000,22.000000,34.000000,34.000000,35.000000,36.000000,36.000000,36.000000,37.000000,1,1,1,1,1,1,1,0,0,0,0,0,0,0,75,5400.234863,966,0,1,0.832329,0.011391,-0.272000,2.989000,-0.646000,0.000000,3
11.233200,-43.765999,-31.688000,13.161000,56.188999,28.521000,27.804001,179.634995,0.000000,0.000000,0.000000,0.000000,0.000000,0.000000,0.000000,264.000000,-1245.000000,189.000000,-1417.000000,205.000000,-71.000000,-32.000000,22.000000,22.000000,22.000000,22.000000,22.000000,22.000000,22.000000,34.000000,34.000000,35.000000,36.000000,36.000000,36.000000,37.000000,1,1,1,1,1,1,1,0,0,0,0,0,0,0,75,5400.235840,968,0,1,0.834240,0.012262,-0.271999,2.989000,-0.646000,0.000000,3
11.243204,-44.394001,-31.329000,13.422000,55.090000,28.422001,28.441000,180.143997,0.000000,0.000000,0.000000,0.000000,0.000000,0.000000,0.000000,264.000000,-1245.000000,189.000000,-1417.000000,205.000000,-71.000000,-32.000000,22.000000,22.000000,22.000000,22.000000,22.000000,22.000000,22.000000,34.000000,34.000000,35.000000,36.000000,36.000000,36.000000,37.000000,1,1,1,1,1,1,1,0,0,0,0,0,0,0,75,5400.235840,968,0,1,0.836148,0.013395,-0.271999,2.989000,-0.646000,0.000000,3
11.253159,-45.058998,-31.007000,13.721000,54.022999,28.319000,29.066000,180.679993,0.000000,0.000000,0.000000,0.000000,0.000000,0.000000,0.000000,264.000000,-1245.000000,189.000000,-1417.000000,205.000000,-71.000000,-32.000000,22.000000,22.000000,22.000000,22.000000,22.000000,22.000000,22.000000,34.000000,34.000000,35.000000,36.000000,36.000000,36.000000,37.000000,1,1,1,1,1,1,1,0,0,0,0,0,0,0,75,5400.232910,967,0,1,0.837925,0.014737,-0.271999,2.988000,-0.646000,0.000000,3
11.263180,-45.750000,-30.726999,14.052000,53.006001,28.214001,29.670000,181.235001,0.000000,0.000000,0.000000,0.000000,0.000000,0.000000,0.000000,264.000000,-1245.000000,189.000000,-1417.000000,205.000000,-71.000000,-32.000000,22.000000,22.000000,22.000000,22.000000,22.000000,22.000000,22.000000,34.000000,34.000000,35.000000,36.000000,36.000000,36.000000,37.000000,1,1,1,1,1,1,1,0,0,0,0,0,0,0,75,5400.232910,968,0,1,0.839541,0.016268,-0.272000,2.989000,-0.646000,0.000000,3
11.273100,-46.173000,-30.582001,14.264000,52.424999,28.150999,30.018000,181.574005,0.000000,0.000000,0.000000,0.000000,0.000000,0.000000,0.000000,264.000000,-1245.000000,189.000000,-1417.000000,205.000000,-71.000000,-32.000000,22.000000,22.000000,22.000000,22.000000,22.000000,22.000000,22.000000,34.000000,34.000000,35.000000,36.000000,36.000000,36.000000,37.000000,1,1,1,1,1,1,1,0,0,0,0,0,0,0,75,5400.235840,967,0,1,0.840426,0.017270,-0.271999,2.988000,-0.646000,0.000000,3
11.283268,-46.883999,-30.379999,14.633000,51.516998,28.045000,30.570999,182.141998,0.000000,0.000000,0.000000,0.000000,0.000000,0.000000,0.000000,264.000000,-1245.000000,189.000000,-1417.000000,205.000000,-71.000000,-32.000000,22.000000,22.000000,22.000000,22.000000,22.000000,22.000000,22.000000,34.000000,34.000000,35.000000,36.000000,36.000000,36.000000,37.000000,1,1,1,1,1,1,1,0,0,0,0,0,0,0,75,5400.235840,967,0,1,0.841745,0.019064,-0.272000,2.988000,-0.646000,0.000000,3
11.293262,-47.310001,-30.284000,14.862000,51.013000,27.983000,30.882999,182.483002,0.000000,0.000000,0.000000,0.000000,0.000000,0.000000,0.000000,264.000000,-1245.000000,189.000000,-1417.000000,205.000000,-71.000000,-32.000000,22.000000,22.000000,22.000000,22.000000,22.000000,22.000000,22.000000,34.000000,34.000000,35.000000,36.000000,36.000000,36.000000,37.000000,1,1,1,1,1,1,1,0,0,0,0,0,0,0,75,5400.234863,968,0,1,0.842438,0.020207,-0.271999,2.989000,-0.646000,0.000000,3
11.303149,-48.424000,-30.132000,15.487000,49.844002,27.823999,31.629000,183.371994,0.000000,0.000000,0.000000,0.000000,0.000000,0.000000,0.000000,264.000000,-1245.000000,189.000000,-1417.000000,205.000000,-71.000000,-32.000000,22.000000,22.000000,22.000000,22.000000,22.000000,22.000000,22.000000,34.000000,34.000000,35.000000,36.000000,36.000000,36.000000,37.000000,1,1,1,1,1,1,1,0,0,0,0,0,0,0,75,5400.234863,967,0,1,0.843898,0.023453,-0.271999,2.989000,-0.646000,0.000000,3
11.313150,-49.089001,-30.115000,15.878000,49.257999,27.732000,32.021999,183.904007,0.000000,0.000000,0.000000,0.000000,0.000000,0.000000,0.000000,264.000000,-1245.000000,189.000000,-1417.000000,205.000000,-71.000000,-32.000000,22.000000,22.000000,22.000000,22.000000,22.000000,22.000000,22.000000,34.000000,34.000000,35.000000,36.000000,36.000000,36.000000,37.000000,1,1,1,1,1,1,1,0,0,0,0,0,0,0,75,5400.234863,967,0,1,0.844508,0.025594,-0.272000,2.988000,-0.646000,0.000000,3
11.323163,-49.837002,-30.177999,16.333000,48.721001,27.632999,32.410999,184.507004,0.000000,0.000000,0.000000,0.000000,0.000000,0.000000,0.000000,264.000000,-1245.000000,189.000000,-1417.000000,205.000000,-71.000000,-32.000000,22.000000,22.000000,22.000000,22.000000,22.000000,22.000000,22.000000,34.000000,34.000000,35.000000,36.000000,36.000000,36.000000,37.000000,1,1,1,1,1,1,1,0,0,0,0,0,0,0,75,5400.235840,967,0,1,0.844921,0.028233,-0.271999,2.989000,-0.646000,0.000000,3
11.333154,-50.407001,-30.299999,16.695000,48.421001,27.561001,32.659000,184.972000,0.000000,0.000000,0.000000,0.000000,0.000000,0.000000,0.000000,264.000000,-1245.000000,189.000000,-1417.000000,205.000000,-71.000000,-32.000000,22.000000,22.000000,22.000000,22.000000,22.000000,22.000000,22.000000,34.000000,34.000000,35.000000,36.000000,36.000000,36.000000,37.000000,1,1,1,1,1,1,1,0,0,0,0,0,0,0,75,5400.235840,967,0,1,0.844994,0.030459,-0.271999,2.989000,-0.646000,0.000000,3
11.343244,-51.015999,-30.530001,17.098000,48.245998,27.488001,32.861000,185.477005,0.000000,0.000000,0.000000,0.000000,0.000000,0.000000,0.000000,264.000000,-1245.000000,189.000000,-1417.000000,205.000000,-71.000000,-32.000000,22.000000,22.000000,22.000000,22.000000,22.000000,22.000000,22.000000,34.000000,34.000000,35.000000,36.000000,36.000000,36.000000,37.000000,1,1,1,1,1,1,1,0,0,0,0,0,0,0,75,5400.235840,968,0,1,0.844755,0.033119,-0.272000,2.988000,-0.646000,0.000000,3
11.353193,-51.452999,-30.788000,17.403000,48.257000,27.438000,32.945999,185.850006,0.000000,0.000000,0.000000,0.000000,0.000000,0.000000,0.000000,264.000000,-1245.000000,189.000000,-1417.000000,205.000000,-71.000000,-32.000000,22.000000,22.000000,22.000000,22.000000,22.000000,22.000000,22.000000,34.000000,34.000000,35.000000,36.000000,36.000000,36.000000,37.000000,1,1,1,1,1,1,1,0,0,0,0,0,0,0,75,5400.235840,968,0,1,0.844286,0.035296,-0.271999,2.989000,-0.646000,0.000000,3
11.363146,-51.681999,-30.971001,17.570999,48.333000,27.413000,32.960999,186.050003,0.000000,0.000000,0.000000,0.000000,0.000000,0.000000,0.000000,264.000000,-1245.000000,189.000000,-1417.000000,205.000000,-71.000000,-32.000000,22.000000,22.000000,22.000000,22.000000,22.000000,22.000000,22.000000,34.000000,34.000000,35.000000,36.000000,36.000000,36.000000,37.000000,1,1,1,1,1,1,1,0,0,0,0,0,0,0,75,5400.235840,967,0,1,0.843889,0.036572,-0.271999,2.988000,-0.646000,0.000000,3
11.373125,-52.061001,-31.393999,17.872000,48.637001,27.374001,32.907001,186.397003,0.000000,0.000000,0.000000,0.000000,0.000000,0.000000,0.000000,264.000000,-1245.000000,189.000000,-1417.000000,205.000000,-71.000000,-32.000000,22.000000,22.000000,22.000000,22.000000,22.000000,22.000000,22.000000,34.000000,34.000000,35.000000,36.000000,36.000000,36.000000,37.000000,1,1,1,1,1,1,1,0,0,0,0,0,0,0,75,5400.235840,967,0,1,0.842844,0.039031,-0.272000,2.989000,-0.646000,0.000000,3
11.383166,-52.294998,-31.799999,18.086000,49.040001,27.351000,32.779999,186.628998,0.000000,0.000000,0.000000,0.000000,0.000000,0.000000,0.000000,264.000000,-1245.000000,189.000000,-1417.000000,205.000000,-71.000000,-32.000000,22.000000,22.000000,22.000000,22.000000,22.000000,22.000000,22.000000,34.000000,34.000000,35.000000,36.000000,36.000000,36.000000,37.000000,1,1,1,1,1,1,1,0,0,0,0,0,0,0,75,5400.235840,967,0,1,0.841730,0.040958,-0.271999,2.989000,-0.646000,0.000000,3
11.393143,-52.452999,-32.248001,18.266001,49.571999,27.337000,32.581001,186.809006,0.000000,0.000000,0.000000,0.000000,0.000000,0.000000,0.000000,264.000000,-1245.000000,189.000000,-1417.000000,205.000000,-71.000000,-32.000000,22.000000,22.000000,22.000000,22.000000,22.000000,22.000000,22.000000,34.000000,34.000000,35.000000,36.000000,36.000000,36.000000,37.000000,1,1,1,1,1,1,1,0,0,0,0,0,0,0,75,5400.234863,967,0,1,0.840408,0.042750,-0.271999,2.988000,-0.646000,0.000000,3
11.403148,-52.546001,-32.831001,18.438999,50.367001,27.327999,32.250999,186.955002,0.000000,0.000000,0.000000,0.000000,0.000000,0.000000,0.000000,264.000000,-1245.000000,189.000000,-1417.000000,205.000000,-71.000000,-32.000000,22.000000,22.000000,22.000000,22.000000,22.000000,22.000000,22.000000,34.000000,34.000000,35.000000,36.000000,36.000000,36.000000,37.000000,1,1,1,1,1,1,1,0,0,0,0,0,0,0,75,5400.234863,967,0,1,0.838572,0.044690,-0.271999,2.989000,-0.646000,0.000000,3
11.413162,-52.553001,-33.034000,18.486000,50.666000,27.327999,32.120998,186.987000,0.000000,0.000000,0.000000,0.000000,0.000000,0.000000,0.000000,264.000000,-1245.000000,189.000000,-1417.000000,205.000000,-71.000000,-32.000000,22.000000,22.000000,22.000000,22.000000,22.000000,22.000000,22.000000,34.000000,34.000000,35.000000,36.000000,36.000000,36.000000,37.000000,1,1,1,1,1,1,1,0,0,0,0,0,0,0,75,5400.235840,967,0,1,0.837904,0.045279,-0.272000,2.989000,-0.645000,0.000000,3
11.423167,-52.507000,-33.662998,18.599001,51.658001,27.330000,31.672001,187.033997,0.000000,0.000000,0.000000,0.000000,0.000000,0.000000,0.000000,264.000000,-1245.000000,189.000000,-1417.000000,205.000000,-71.000000,-32.000000,22.000000,22.000000,22.000000,22.000000,22.000000,22.000000,22.000000,34.000000,34.000000,35.000000,36.000000,36.000000,36.000000,37.000000,1,1,1,1,1,1,1,0,0,0,0,0,0,0,75,5400.235840,967,0,1,0.835753,0.046863,-0.271999,2.988000,-0.646000,0.000000,3
11.433135,-52.394001,-34.196999,18.660999,52.570999,27.334999,31.240999,187.018997,0.000000,0.000000,0.000000,0.000000,0.000000,0.000000,0.000000,264.000000,-1245.000000,189.000000,-1417.000000,205.000000,-71.000000,-32.000000,22.000000,22.000000,22.000000,22.000000,22.000000,22.000000,22.000000,34.000000,34.000000,35.000000,36.000000,36.000000,36.000000,37.000000,1,1,1,1,1,1,1,0,0,0,0,0,0,0,75,5400.234863,967,0,1,0.833827,0.047946,-0.272000,2.989000,-0.645000,0.000000,3
11.443121,-52.230999,-34.699001,18.695000,53.484001,27.339001,30.796000,186.964005,0.000000,0.000000,0.000000,0.000000,0.000000,0.000000,0.000000,264.000000,-1245.000000,189.000000,-1417.000000,205.000000,-71.000000,-32.000000,22.000000,22.000000,22.000000,22.000000,22.000000,22.000000,22.000000,34.000000,34.000000,35.000000,36.000000,36.000000,36.000000,37.000000,1,1,1,1,1,1,1,0,0,0,0,0,0,0,75,5400.234863,967,0,1,0.831938,0.048757,-0.271999,2.989000,-0.646000,0.000000,3
11.453137,-52.002998,-35.215000,18.709000,54.480000,27.337000,30.297001,186.869003,0.000000,0.000000,0.000000,0.000000,0.000000,0.000000,0.000000,264.000000,-1245.000000,189.000000,-1417.000000,205.000000,-71.000000,-32.000000,22.000000,22.000000,22.000000,22.000000,22.000000,22.000000,22.000000,34.000000,34.000000,35.000000,36.000000,36.000000,36.000000,37.000000,1,1,1,1,1,1,1,0,0,0,0,0,0,0,75,5400.237793,967,0,1,0.829904,0.049389,-0.271999,2.988000,-0.646000,0.000000,3
11.463167,-51.800999,-35.588001,18.705999,55.238998,27.332001,29.908001,186.776001,0.000000,0.000000,0.000000,0.000000,0.000000,0.000000,0.000000,264.000000,-1245.000000,189.000000,-1417.000000,205.000000,-71.000000,-32.000000,22.000000,22.000000,22.000000,22.000000,22.000000,22.000000,22.000000,34.000000,34.000000,35.000000,36.000000,36.000000,36.000000,37.000000,1,1,1,1,1,1,1,0,0,0,0,0,0,0,75,5400.237793,967,0,1,0.828373,0.049713,-0.271999,2.989000,-0.646000,0.000000,3
11.473184,-51.570000,-35.946999,18.688999,56.002998,27.325001,29.507000,186.660995,0.000000,0.000000,0.000000,0.000000,0.000000,0.000000,0.000000,264.000000,-1245.000000,189.000000,-1417.000000,205.000000,-71.000000,-32.000000,22.000000,22.000000,22.000000,22.000000,22.000000,22.000000,22.000000,34.000000,34.000000,35.000000,36.000000,36.000000,36.000000,37.000000,1,1,1,1,1,1,1,0,0,0,0,0,0,0,75,5400.237793,968,0,1,0.826845,0.049897,-0.271999,2.989000,-0.646000,0.000000,0
11.483169,-51.320000,-36.296001,18.663000,56.776001,27.318001,29.097000,186.529999,0.000000,0.000000,0.000000,0.000000,0.000000,0.000000,0.000000,264.000000,-1245.000000,189.000000,-1417.000000,205.000000,-71.000000,-32.000000,22.000000,22.000000,22.000000,22.000000,22.000000,22.000000,22.000000,34.000000,34.000000,35.000000,36.000000,36.000000,36.000000,37.000000,1,1,1,1,1,1,1,0,0,0,0,0,0,0,75,5400.235840,967,0,1,0.825308,0.049982,-0.272000,2.988000,-0.646000,0.000000,0
11.493202,-51.006001,-36.705002,18.627001,57.701000,27.308001,28.600000,186.363998,0.000000,0.000000,0.000000,0.000000,0.000000,0.000000,0.000000,264.000000,-1245.000000,189.000000,-1417.000000,205.000000,-71.000000,-32.000000,22.000000,22.000000,22.000000,22.000000,22.000000,22.000000,22.000000,34.000000,34.000000,35.000000,36.000000,36.000000,36.000000,37.000000,1,1,1,1,1,1,1,0,0,0,0,0,0,0,75,5400.235840,968,0,1,0.823461,0.050005,-0.272000,2.988000,-0.646000,0.000000,0
11.503156,-50.744999,-37.040001,18.597000,58.465000,27.299999,28.188000,186.225006,0.000000,0.000000,0.000000,0.000000,0.000000,0.000000,0.000000,264.000000,-1245.000000,189.000000,-1417.000000,205.000000,-71.000000,-32.000000,22.000000,22.000000,22.000000,22.000000,22.000000,22.000000,22.000000,34.000000,34.000000,35.000000,36.000000,36.000000,36.000000,37.000000,1,1,1,1,1,1,1,0,0,0,0,0,0,0,75,5400.235840,968,0,1,0.821922,0.050000,-0.271999,2.989000,-0.646000,0.000000,0
11.513228,-50.641998,-37.173000,18.586000,58.766998,27.296000,28.025000,186.171005,0.000000,0.000000,0.000000,0.000000,0.000000,0.000000,0.000000,264.000000,-1245.000000,189.000000,-1417.000000,205.000000,-71.000000,-32.000000,22.000000,22.000000,22.000000,22.000000,22.000000,22.000000,22.000000,34.000000,34.000000,35.000000,36.000000,36.000000,36.000000,37.000000,1,1,1,1,1,1,1,0,0,0,0,0,0,0,75,5400.234863,968,0,1,0.821309,0.050000,-0.271999,2.989000,-0.646000,0.000000,1
11.523195,-50.339001,-37.566002,18.556999,59.661999,27.285999,27.542999,186.013000,0.000000,0.000000,0.000000,0.000000,0.000000,0.000000,0.000000,264.000000,-1245.000000,189.000000,-1417.000000,205.000000,-71.000000,-32.000000,22.000000,22.000000,22.000000,22.000000,22.000000,22.000000,22.000000,34.000000,34.000000,35.000000,36.000000,36.000000,36.000000,37.000000,1,1,1,1,1,1,1,0,0,0,0,0,0,0,75,5400.235840,968,0,1,0.819467,0.049999,-0.272000,2.989000,-0.645000,0.000000,1
11.533165,-50.084000,-37.894001,18.532000,60.405998,27.277000,27.145000,185.880997,0.000000,0.000000,0.000000,0.000000,0.000000,0.000000,0.000000,264.000000,-1245.000000,189.000000,-1417.000000,205.000000,-71.000000,-32.000000,22.000000,22.000000,22.000000,22.000000,22.000000,22.000000,22.000000,34.000000,34.000000,35.000000,36.000000,36.000000,36.000000,37.000000,1,1,1,1,1,1,1,0,0,0,0,0,0,0,75,5400.235840,967,0,1,0.817900,0.050000,-0.272000,2.989000,-0.645000,0.000000,1
11.543247,-49.824001,-38.223999,18.507000,61.154999,27.268000,26.750999,185.748001,0.000000,0.000000,0.000000,0.000000,0.000000,0.000000,0.000000,264.000000,-1245.000000,189.000000,-1417.000000,205.000000,-71.000000,-32.000000,22.000000,22.000000,22.000000,22.000000,22.000000,22.000000,22.000000,34.000000,34.000000,35.000000,36.000000,36.000000,36.000000,37.000000,1,1,1,1,1,1,1,0,0,0,0,0,0,0,75,5400.235840,968,0,1,0.816280,0.050000,-0.271999,2.989000,-0.645000,0.000000,1
11.553162,-49.555000,-38.560001,18.480000,61.915001,27.257999,26.360001,185.610992,0.000000,0.000000,0.000000,0.000000,0.000000,0.000000,0.000000,264.000000,-1245.000000,189.000000,-1417.000000,205.000000,-71.000000,-32.000000,22.000000,22.000000,22.000000,22.000000,22.000000,22.000000,22.000000,34.000000,34.000000,35.000000,36.000000,36.000000,36.000000,37.000000,1,1,1,1,1,1,1,0,0,0,0,0,0,0,75,5400.234863,968,0,1,0.814586,0.050000,-0.271999,2.989000,-0.645000,0.000000,1
11.563160,-49.214001,-38.973999,18.441999,62.846001,27.243999,25.896999,185.440002,0.000000,0.000000,0.000000,0.000000,0.000000,0.000000,0.000000,264.000000,-1245.000000,189.000000,-1417.000000,205.000000,-71.000000,-32.000000,22.000000,22.000000,22.000000,22.000000,22.000000,22.000000,22.000000,34.000000,34.000000,35.000000,36.000000,36.000000,36.000000,37.000000,1,1,1,1,1,1,1,0,0,0,0,0,0,0,75,5400.235840,968,0,1,0.812423,0.049999,-0.272000,2.989000,-0.644000,0.000000,1
11.573177,-48.910999,-39.331001,18.405001,63.645000,27.231001,25.514999,185.289001,0.000000,0.000000,0.000000,0.000000,0.000000,0.000000,0.000000,264.000000,-1245.000000,189.000000,-1417.000000,205.000000,-71.000000,-32.000000,22.000000,22.000000,22.000000,22.000000,22.000000,22.000000,22.000000,34.000000,34.000000,35.000000,36.000000,36.000000,36.000000,37.000000,1,1,1,1,1,1,1,0,0,0,0,0,0,0,75,5400.235840,967,0,1,0.810491,0.049999,-0.272000,2.989000,-0.644000,0.000000,1
11.583222,-48.588001,-39.700001,18.362000,64.467003,27.216999,25.139000,185.128998,0.000000,0.000000,0.000000,0.000000,0.000000,0.000000,0.000000,264.000000,-1245.000000,189.000000,-1417.000000,205.000000,-71.000000,-32.000000,22.000000,22.000000,22.000000,22.000000,22.000000,22.000000,22.000000,34.000000,34.000000,35.000000,36.000000,36.000000,36.000000,37.000000,1,1,1,1,1,1,1,0,0,0,0,0,0,0,75,5400.235840,968,0,1,0.808418,0.049999,-0.272000,2.989000,-0.643000,0.000000,1
11.593170,-48.242001,-40.084000,18.312000,65.316002,27.200001,24.768000,184.960007,0.000000,0.000000,0.000000,0.000000,0.000000,0.000000,0.000000,264.000000,-1245.000000,189.000000,-1417.000000,205.000000,-71.000000,-32.000000,22.000000,22.000000,22.000000,22.000000,22.000000,22.000000,22.000000,34.000000,34.000000,35.000000,36.000000,36.000000,36.000000,37.000000,1,1,1,1,1,1,1,0,0,0,0,0,0,0,75,5400.235840,967,0,1,0.806187,0.050000,-0.272000,2.989000,-0.641000,0.000000,1
11.603171,-47.872002,-40.485001,18.254999,66.195999,27.181000,24.403000,184.781006,0.000000,0.000000,0.000000,0.000000,0.000000,0.000000,0.000000,264.000000,-1245.000000,189.000000,-1417.000000,205.000000,-71.000000,-32.000000,22.000000,22.000000,22.000000,22.000000,22.000000,22.000000,22.000000,34.000000,34.000000,35.000000,36.000000,36.000000,36.000000,37.000000,1,1,1,1,1,1,1,0,0,0,0,0,0,0,75,5400.235840,968,0,1,0.803780,0.050000,-0.271999,2.990000,-0.640000,0.000000,1
11.613152,-47.391998,-40.988998,18.176001,67.294998,27.153999,23.976000,184.550995,0.000000,0.000000,0.000000,0.000000,0.000000,0.000000,0.000000,264.000000,-1245.000000,189.000000,-1417.000000,205.000000,-71.000000,-32.000000,22.000000,22.000000,22.000000,22.000000,22.000000,22.000000,22.000000,34.000000,34.000000,35.000000,36.000000,36.000000,36.000000,37.000000,1,1,1,1,1,1,1,0,0,0,0,0,0,0,75,5400.234863,968,0,1,0.800636,0.050000,-0.271999,2.990000,-0.637000,0.000000,1
11.623088,-46.962002,-41.430000,18.101000,68.249001,27.128000,23.629999,184.347000,0.000000,0.000000,0.000000,0.000000,0.000000,0.000000,0.000000,264.000000,-1245.000000,189.000000,-1417.000000,205.000000,-71.000000,-32.000000,22.000000,22.000000,22.000000,22.000000,22.000000,22.000000,22.000000,34.000000,34.000000,35.000000,36.000000,36.000000,36.000000,37.000000,1,1,1,1,1,1,1,0,0,0,0,0,0,0,75,5400.235840,968,0,1,0.797786,0.049999,-0.272000,2.991000,-0.635000,0.000000,1
11.633133,-46.782001,-41.612000,18.068001,68.639999,27.117001,23.495001,184.261993,0.000000,0.000000,0.000000,0.000000,0.000000,0.000000,0.000000,264.000000,-1245.000000,189.000000,-1417.000000,205.000000,-71.000000,-32.000000,22.000000,22.000000,22.000000,22.000000,22.000000,22.000000,22.000000,34.000000,34.000000,35.000000,36.000000,36.000000,36.000000,37.000000,1,1,1,1,1,1,1,0,0,0,0,0,0,0,75,5400.235840,967,0,1,0.796584,0.050000,-0.271999,2.991000,-0.634000,0.000000,1
11.643150,-46.214001,-42.178001,17.962000,69.848999,27.077999,23.100000,183.998001,0.000000,0.000000,0.000000,0.000000,0.000000,0.000000,0.000000,264.000000,-1245.000000,189.000000,-1417.000000,205.000000,-71.000000,-32.000000,22.000000,22.000000,22.000000,22.000000,22.000000,22.000000,22.000000,34.000000,34.000000,35.000000,36.000000,36.000000,36.000000,37.000000,1,1,1,1,1,1,1,0,0,0,0,0,0,0,75,5400.235840,967,0,1,0.792756,0.049999,-0.272000,2.992000,-0.630000,-0.001000,1
11.653100,-45.708000,-42.673000,17.863001,70.896004,27.041000,22.785000,183.766006,0.000000,0.000000,0.000000,0.000000,0.000000,0.000000,0.000000,264.000000,-1245.000000,189.000000,-1417.000000,205.000000,-71.000000,-32.000000,22.000000,22.000000,22.000000,22.000000,22.000000,22.000000,22.000000,34.000000,34.000000,35.000000,36.000000,36.000000,36.000000,37.000000,1,1,1,1,1,1,1,0,0,0,0,0,0,0,75,5400.235840,968,0,1,0.789302,0.050000,-0.271999,2.993000,-0.627000,-0.001000,1
11.663077,-45.174000,-43.191002,17.756001,71.980003,27.000000,22.486000,183.522995,0.000000,0.000000,0.000000,0.000000,0.000000,0.000000,0.000000,264.000000,-1245.000000,189.000000,-1417.000000,205.000000,-71.000000,-32.000000,22.000000,22.000000,22.000000,22.000000,22.000000,22.000000,22.000000,34.000000,34.000000,35.000000,36.000000,36.000000,36.000000,37.000000,1,1,1,1,1,1,1,0,0,0,0,0,0,0,75,5400.234863,967,0,1,0.785596,0.049999,-0.272000,2.994000,-0.623000,-0.001000,1
11.673061,-44.612000,-43.730999,17.639999,73.098000,26.952999,22.204000,183.272003,0.000000,0.000000,0.000000,0.000000,0.000000,0.000000,0.000000,264.000000,-1245.000000,189.000000,-1417.000000,205.000000,-71.000000,-32.000000,22.000000,22.000000,22.000000,22.000000,22.000000,22.000000,22.000000,34.000000,34.000000,35.000000,36.000000,36.000000,36.000000,37.000000,1,1,1,1,1,1,1,0,0,0,0,0,0,0,75,5400.237793,968,0,1,0.781632,0.049999,-0.272000,2.995000,-0.619000,-0.001000,1
11.683122,-43.903000,-44.408001,17.489000,74.484001,26.891001,21.891001,182.959000,0.000000,0.000000,0.000000,0.000000,0.000000,0.000000,0.000000,264.000000,-1245.000000,189.000000,-1417.000000,205.000000,-71.000000,-32.000000,22.000000,22.000000,22.000000,22.000000,22.000000,22.000000,22.000000,34.000000,34.000000,35.000000,36.000000,36.000000,36.000000,37.000000,1,1,1,1,1,1,1,0,0,0,0,0,0,0,75,5400.237793,967,0,1,0.776526,0.049999,-0.271999,2.996000,-0.613000,-0.002000,1
11.693157,-43.284000,-44.997002,17.355000,75.675003,26.833000,21.655001,182.690994,0.000000,0.000000,0.000000,0.000000,0.000000,0.000000,0.000000,264.000000,-1245.000000,189.000000,-1417.000000,205.000000,-71.000000,-32.000000,22.000000,22.000000,22.000000,22.000000,22.000000,22.000000,22.000000,34.000000,34.000000,35.000000,36.000000,36.000000,36.000000,37.000000,1,1,1,1,1,1,1,0,0,0,0,0,0,0,75,5400.235840,968,0,1,0.771975,0.050000,-0.272000,2.998000,-0.607000,-0.002000,1
11.703155,-42.643002,-45.606998,17.212999,76.893997,26.768999,21.443001,182.417007,0.000000,0.000000,0.000000,0.000000,0.000000,0.000000,0.000000,264.000000,-1245.000000,189.000000,-1417.000000,205.000000,-71.000000,-32.000000,22.000000,22.000000,22.000000,22.000000,22.000000,22.000000,22.000000,34.000000,34.000000,35.000000,36.000000,36.000000,36.000000,37.000000,1,1,1,1,1,1,1,0,0,0,0,0,0,0,75,5400.234863,968,0,1,0.767154,0.050000,-0.271999,2.999000,-0.601000,-0.003000,1
11.713184,-41.981998,-46.238998,17.063999,78.139999,26.700001,21.257999,182.139008,0.000000,0.000000,0.000000,0.000000,0.000000,0.000000,0.000000,264.000000,-1245.000000,189.000000,-1417.000000,205.000000,-71.000000,-32.000000,22.000000,22.000000,22.000000,22.000000,22.000000,22.000000,22.000000,34.000000,34.000000,35.000000,36.000000,36.000000,36.000000,37.000000,1,1,1,1,1,1,1,0,0,0,0,0,0,0,75,5400.235840,967,0,1,0.762062,0.050000,-0.271999,3.001000,-0.594000,-0.003000,1
11.723162,-41.165001,-47.023998,16.877001,79.666000,26.610001,21.073000,181.800003,0.000000,0.000000,0.000000,0.000000,0.000000,0.000000,0.000000,264.000000,-1245.000000,189.000000,-1417.000000,205.000000,-71.000000,-32.000000,22.000000,22.000000,22.000000,22.000000,22.000000,22.000000,22.000000,34.000000,34.000000,35.000000,36.000000,36.000000,36.000000,37.000000,1,1,1,1,1,1,1,0,0,0,0,0,0,0,75,5400.234863,967,0,1,0.755598,0.049999,-0.271999,3.002000,-0.586000,-0.004000,1
11.733174,-40.888000,-47.292000,16.813000,80.181999,26.577999,21.021999,181.686996,0.000000,0.000000,0.000000,0.000000,0.000000,0.000000,0.000000,264.000000,-1245.000000,189.000000,-1417.000000,205.000000,-71.000000,-32.000000,22.000000,22.000000,22.000000,22.000000,22.000000,22.000000,22.000000,34.000000,34.000000,35.000000,36.000000,36.000000,36.000000,37.000000,1,1,1,1,1,1,1,0,0,0,0,0,0,0,75,5400.235840,968,0,1,0.753358,0.050000,-0.272000,3.003000,-0.583000,-0.004000,1
11.743181,-40.185001,-47.974998,16.649000,81.482002,26.495001,20.916000,181.403000,0.000000,0.000000,0.000000,0.000000,0.000000,0.000000,0.000000,264.000000,-1245.000000,189.000000,-1417.000000,205.000000,-71.000000,-32.000000,22.000000,22.000000,22.000000,22.000000,22.000000,22.000000,22.000000,34.000000,34.000000,35.000000,36.000000,36.000000,36.000000,37.000000,1,1,1,1,1,1,1,0,0,0,0,0,0,0,75,5400.234863,968,0,1,0.747575,0.049999,-0.271999,3.005000,-0.575000,-0.004000,1
11.753182,-39.327999,-48.817001,16.445000,83.061996,26.388000,20.833000,181.063004,0.000000,0.000000,0.000000,0.000000,0.000000,0.000000,0.000000,264.000000,-1245.000000,189.000000,-1417.000000,205.000000,-71.000000,-32.000000,22.000000,22.000000,22.000000,22.000000,22.000000,22.000000,22.000000,34.000000,34.000000,35.000000,36.000000,36.000000,36.000000,37.000000,1,1,1,1,1,1,1,0,0,0,0,0,0,0,75,5400.235840,967,0,1,0.740300,0.050000,-0.271999,3.007000,-0.564000,-0.005000,1
11.763144,-38.605999,-49.536999,16.271000,84.389999,26.294001,20.804001,180.781006,0.000000,0.000000,0.000000,0.000000,0.000000,0.000000,0.000000,264.000000,-1245.000000,189.000000,-1417.000000,205.000000,-71.000000,-32.000000,22.000000,22.000000,22.000000,22.000000,22.000000,22.000000,22.000000,34.000000,34.000000,35.000000,36.000000,36.000000,36.000000,37.000000,1,1,1,1,1,1,1,0,0,0,0,0,0,0,75,5400.235840,967,0,1,0.733966,0.050000,-0.271999,3.009000,-0.555000,-0.005000,1
11.773131,-37.877998,-50.271999,16.093000,85.724998,26.195999,20.813000,180.501007,0.000000,0.000000,0.000000,0.000000,0.000000,0.000000,0.000000,264.000000,-1245.000000,189.000000,-1417.000000,205.000000,-71.000000,-32.000000,22.000000,22.000000,22.000000,22.000000,22.000000,22.000000,22.000000,34.000000,34.000000,35.000000,36.000000,36.000000,36.000000,37.000000,1,1,1,1,1,1,1,0,0,0,0,0,0,0,75,5400.235840,967,0,1,0.727398,0.049999,-0.271999,3.011000,-0.546000,-0.006000,1
11.783194,-37.148998,-51.018002,15.913000,87.060997,26.091999,20.860001,180.225998,0.000000,0.000000,0.000000,0.000000,0.000000,0.000000,0.000000,264.000000,-1245.000000,189.000000,-1417.000000,205.000000,-71.000000,-32.000000,22.000000,22.000000,22.000000,22.000000,22.000000,22.000000,22.000000,34.000000,34.000000,35.000000,36.000000,36.000000,36.000000,37.000000,1,1,1,1,1,1,1,0,0,0,0,0,0,0,75,5400.235840,968,0,1,0.720605,0.050000,-0.272000,3.014000,-0.536000,-0.006000,1
11.793128,-36.419998,-51.776001,15.731000,88.397003,25.985001,20.947001,179.955002,0.000000,0.000000,0.000000,0.000000,0.000000,0.000000,0.000000,264.000000,-1245.000000,189.000000,-1417.000000,205.000000,-71.000000,-32.000000,22.000000,22.000000,22.000000,22.000000,22.000000,22.000000,22.000000,34.000000,34.000000,35.000000,36.000000,36.000000,36.000000,37.000000,1,1,1,1,1,1,1,0,0,0,0,0,0,0,75,5400.235840,967,0,1,0.713603,0.050000,-0.271999,3.016000,-0.525000,-0.006000,1
11.803237,-35.549999,-52.696999,15.510000,89.991997,25.851000,21.105000,179.636002,0.000000,0.000000,0.000000,0.000000,0.000000,0.000000,0.000000,264.000000,-1245.000000,189.000000,-1417.000000,205.000000,-71.000000,-32.000000,22.000000,22.000000,22.000000,22.000000,22.000000,22.000000,22.000000,34.000000,34.000000,35.000000,36.000000,36.000000,36.000000,37.000000,1,1,1,1,1,1,1,0,0,0,0,0,0,0,75,5400.235840,968,0,1,0.704943,0.050000,-0.272000,3.019000,-0.512000,-0.007000,1
11.813296,-34.831001,-53.471001,15.325000,91.310997,25.735001,21.281000,179.378006,0.000000,0.000000,0.000000,0.000000,0.000000,0.000000,0.000000,264.000000,-1245.000000,189.000000,-1417.000000,205.000000,-71.000000,-32.000000,22.000000,22.000000,22.000000,22.000000,22.000000,22.000000,22.000000,34.000000,34.000000,35.000000,36.000000,36.000000,36.000000,37.000000,1,1,1,1,1,1,1,0,0,0,0,0,0,0,75,5400.234863,968,0,1,0.697532,0.049999,-0.272000,3.021000,-0.500000,-0.007000,1
11.823263,-34.119999,-54.249001,15.140000,92.616997,25.615999,21.497000,179.126007,0.000000,0.000000,0.000000,0.000000,0.000000,0.000000,0.000000,264.000000,-1245.000000,189.000000,-1417.000000,205.000000,-71.000000,-32.000000,22.000000,22.000000,22.000000,22.000000,22.000000,22.000000,22.000000,34.000000,34.000000,35.000000,36.000000,36.000000,36.000000,37.000000,1,1,1,1,1,1,1,0,0,0,0,0,0,0,75,5400.235840,968,0,1,0.689962,0.049999,-0.271999,3.024000,-0.488000,-0.008000,1
11.833212,-33.418999,-55.028000,14.956000,93.904999,25.493000,21.753000,178.880005,0.000000,0.000000,0.000000,0.000000,0.000000,0.000000,0.000000,264.000000,-1245.000000,189.000000,-1417.000000,205.000000,-71.000000,-32.000000,22.000000,22.000000,22.000000,22.000000,22.000000,22.000000,22.000000,34.000000,34.000000,35.000000,36.000000,36.000000,36.000000,37.000000,1,1,1,1,1,1,1,0,0,0,0,0,0,0,75,5400.235840,968,0,1,0.682253,0.050000,-0.272000,3.026000,-0.476000,-0.008000,1
11.843124,-33.002998,-55.495998,14.846000,94.668999,25.417999,21.924999,178.737000,0.000000,0.000000,0.000000,0.000000,0.000000,0.000000,0.000000,264.000000,-1245.000000,189.000000,-1417.000000,205.000000,-71.000000,-32.000000,22.000000,22.000000,22.000000,22.000000,22.000000,22.000000,22.000000,34.000000,34.000000,35.000000,36.000000,36.000000,36.000000,37.000000,1,1,1,1,1,1,1,0,0,0,0,0,0,0,75,5400.235840,967,0,1,0.677568,0.050000,-0.272000,3.028000,-0.468000,-0.008000,1
11.853222,-31.919001,-56.736000,14.554000,96.665001,25.214001,22.451000,178.367996,0.000000,0.000000,0.000000,0.000000,0.000000,0.000000,0.000000,264.000000,-1245.000000,189.000000,-1417.000000,205.000000,-71.000000,-32.000000,22.000000,22.000000,22.000000,22.000000,22.000000,22.000000,22.000000,34.000000,34.000000,35.000000,36.000000,36.000000,36.000000,37.000000,1,1,1,1,1,1,1,0,0,0,0,0,0,0,75,5400.234863,967,0,1,0.664897,0.050000,-0.272000,3.032000,-0.447000,-0.009000,1
11.863150,-31.521000,-57.198002,14.446000,97.397003,25.136000,22.672001,178.233994,0.000000,0.000000,0.000000,0.000000,0.000000,0.000000,0.000000,264.000000,-1245.000000,189.000000,-1417.000000,205.000000,-71.000000,-32.000000,22.000000,22.000000,22.000000,22.000000,22.000000,22.000000,22.000000,34.000000,34.000000,35.000000,36.000000,36.000000,36.000000,37.000000,1,1,1,1,1,1,1,0,0,0,0,0,0,0,75,5400.235840,968,0,1,0.660091,0.049999,-0.271999,3.034000,-0.439000,-0.009000,1
11.873168,-30.871000,-57.959999,14.268000,98.593002,25.003000,23.069000,178.018997,0.000000,0.000000,0.000000,0.000000,0.000000,0.000000,0.000000,264.000000,-1245.000000,189.000000,-1417.000000,205.000000,-71.000000,-32.000000,22.000000,22.000000,22.000000,22.000000,22.000000,22.000000,22.000000,34.000000,34.000000,35.000000,36.000000,36.000000,36.000000,37.000000,1,1,1,1,1,1,1,0,0,0,0,0,0,0,75,5400.235840,968,0,1,0.652034,0.049999,-0.272000,3.036000,-0.426000,-0.009000,1
11.883217,-30.238001,-58.712002,14.092000,99.759003,24.868999,23.497000,177.811005,0.000000,0.000000,0.000000,0.000000,0.000000,0.000000,0.000000,264.000000,-1245.000000,189.000000,-1417.000000,205.000000,-71.000000,-32.000000,22.000000,22.000000,22.000000,22.000000,22.000000,22.000000,22.000000,34.000000,34.000000,35.000000,36.000000,36.000000,36.000000,37.000000,1,1,1,1,1,1,1,0,0,0,0,0,0,0,75,5400.237793,968,0,1,0.643938,0.049999,-0.271999,3.039000,-0.412000,-0.009000,1
11.893169,-29.621000,-59.451000,13.919000,100.891998,24.732000,23.955000,177.610992,0.000000,0.000000,0.000000,0.000000,0.000000,0.000000,0.000000,264.000000,-1245.000000,189.000000,-1417.000000,205.000000,-71.000000,-32.000000,22.000000,22.000000,22.000000,22.000000,22.000000,22.000000,22.000000,34.000000,34.000000,35.000000,36.000000,36.000000,36.000000,37.000000,1,1,1,1,1,1,1,0,0,0,0,0,0,0,75,5400.234863,968,0,1,0.635824,0.050000,-0.271999,3.042000,-0.398000,-0.010000,1
11.903149,-28.905001,-60.318001,13.716000,102.206001,24.566000,24.541000,177.380997,0.000000,0.000000,0.000000,0.000000,0.000000,0.000000,0.000000,264.000000,-1245.000000,189.000000,-1417.000000,205.000000,-71.000000,-32.000000,22.000000,22.000000,22.000000,22.000000,22.000000,22.000000,22.000000,34.000000,34.000000,35.000000,36.000000,36.000000,36.000000,37.000000,1,1,1,1,1,1,1,0,0,0,0,0,0,0,75,5400.234863,968,0,1,0.626092,0.049999,-0.271999,3.045000,-0.381000,-0.010000,1
11.913367,-28.327999,-61.021000,13.551000,103.262001,24.426001,25.054001,177.197998,0.000000,0.000000,0.000000,0.000000,0.000000,0.000000,0.000000,264.000000,-1245.000000,189.000000,-1417.000000,205.000000,-71.000000,-32.000000,22.000000,22.000000,22.000000,22.000000,22.000000,22.000000,22.000000,34.000000,34.000000,35.000000,36.000000,36.000000,36.000000,37.000000,1,1,1,1,1,1,1,0,0,0,0,0,0,0,75,5400.234863,967,0,1,0.618009,0.050000,-0.271999,3.048000,-0.366000,-0.010000,1
11.923261,-27.768999,-61.706001,13.390000,104.282997,24.285000,25.586000,177.022995,0.000000,0.000000,0.000000,0.000000,0.000000,0.000000,0.000000,264.000000,-1245.000000,189.000000,-1417.000000,205.000000,-71.000000,-32.000000,22.000000,22.000000,22.000000,22.000000,22.000000,22.000000,22.000000,34.000000,34.000000,35.000000,36.000000,36.000000,36.000000,37.000000,1,1,1,1,1,1,1,0,0,0,0,0,0,0,75,5400.234863,968,0,1,0.609968,0.049999,-0.272000,3.051000,-0.352000,-0.010000,1
11.933123,-27.229000,-62.369999,13.234000,105.269997,24.143999,26.134001,176.854996,0.000000,0.000000,0.000000,0.000000,0.000000,0.000000,0.000000,264.000000,-1245.000000,189.000000,-1417.000000,205.000000,-71.000000,-32.000000,22.000000,22.000000,22.000000,22.000000,22.000000,22.000000,22.000000,34.000000,34.000000,35.000000,36.000000,36.000000,36.000000,37.000000,1,1,1,1,1,1,1,0,0,0,0,0,0,0,75,5400.235840,967,0,1,0.601987,0.049999,-0.272000,3.054000,-0.338000,-0.010000,1
11.943135,-26.708000,-63.013000,13.083000,106.220001,24.002001,26.694000,176.694000,0.000000,0.000000,0.000000,0.000000,0.000000,0.000000,0.000000,264.000000,-1245.000000,189.000000,-1417.000000,205.000000,-71.000000,-32.000000,22.000000,22.000000,22.000000,22.000000,22.000000,22.000000,22.000000,34.000000,34.000000,35.000000,36.000000,36.000000,36.000000,37.000000,1,1,1,1,1,1,1,0,0,0,0,0,0,0,75,5400.234863,969,0,1,0.594083,0.050000,-0.271999,3.057000,-0.323000,-0.010000,1
11.953126,-26.204000,-63.632999,12.937000,107.136002,23.861000,27.261999,176.539993,0.000000,0.000000,0.000000,0.000000,0.000000,0.000000,0.000000,264.000000,-1245.000000,189.000000,-1417.000000,205.000000,-71.000000,-32.000000,22.000000,22.000000,22.000000,22.000000,22.000000,22.000000,22.000000,34.000000,34.000000,35.000000,36.000000,36.000000,36.000000,37.000000,1,1,1,1,1,1,1,0,0,0,0,0,0,0,75,5400.235840,967,0,1,0.586274,0.050000,-0.272000,3.059000,-0.309000,-0.010000,1
11.963082,-25.625000,-64.345001,12.769000,108.188004,23.691000,27.951000,176.363998,0.000000,0.000000,0.000000,0.000000,0.000000,0.000000,0.000000,264.000000,-1245.000000,189.000000,-1417.000000,205.000000,-71.000000,-32.000000,22.000000,22.000000,22.000000,22.000000,22.000000,22.000000,22.000000,34.000000,34.000000,35.000000,36.000000,36.000000,36.000000,37.000000,1,1,1,1,1,1,1,0,0,0,0,0,0,0,75,5400.235840,968,0,1,0.577050,0.049999,-0.272000,3.063000,-0.292000,-0.009000,1
11.973115,-25.162001,-64.910004,12.635000,109.026001,23.551001,28.527000,176.223999,0.000000,0.000000,0.000000,0.000000,0.000000,0.000000,0.000000,264.000000,-1245.000000,189.000000,-1417.000000,205.000000,-71.000000,-32.000000,22.000000,22.000000,22.000000,22.000000,22.000000,22.000000,22.000000,34.000000,34.000000,35.000000,36.000000,36.000000,36.000000,37.000000,1,1,1,1,1,1,1,0,0,0,0,0,0,0,75,5400.234863,967,0,1,0.569505,0.050000,-0.272000,3.065000,-0.278000,-0.009000,1
11.983134,-24.982000,-65.129997,12.583000,109.351997,23.496000,28.757000,176.169998,0.000000,0.000000,0.000000,0.000000,0.000000,0.000000,0.000000,264.000000,-1245.000000,189.000000,-1417.000000,205.000000,-71.000000,-32.000000,22.000000,22.000000,22.000000,22.000000,22.000000,22.000000,22.000000,34.000000,34.000000,35.000000,36.000000,36.000000,36.000000,37.000000,1,1,1,1,1,1,1,0,0,0,0,0,0,0,75,5400.235840,968,0,1,0.566527,0.050000,-0.272000,3.066000,-0.272000,-0.009000,1
11.993162,-24.459000,-65.762001,12.433000,110.295998,23.330999,29.443001,176.013000,0.000000,0.000000,0.000000,0.000000,0.000000,0.000000,0.000000,264.000000,-1245.000000,189.000000,-1417.000000,205.000000,-71.000000,-32.000000,22.000000,22.000000,22.000000,22.000000,22.000000,22.000000,22.000000,34.000000,34.000000,35.000000,36.000000,36.000000,36.000000,37.000000,1,1,1,1,1,1,1,0,0,0,0,0,0,0,75,5400.235840,967,0,1,0.557740,0.050000,-0.271999,3.069000,-0.255000,-0.009000,1
12.003118,-24.044001,-66.260002,12.315000,111.045998,23.195999,30.007000,175.889008,0.000000,0.000000,0.000000,0.000000,0.000000,0.000000,0.000000,264.000000,-1245.000000,189.000000,-1417.000000,205.000000,-71.000000,-32.000000,22.000000,22.000000,22.000000,22.000000,22.000000,22.000000,22.000000,34.000000,34.000000,35.000000,36.000000,36.000000,36.000000,37.000000,1,1,1,1,1,1,1,0,0,0,0,0,0,0,75,5400.235840,967,0,1,0.550603,0.049999,-0.272000,3.072000,-0.242000,-0.008000,1
12.013282,-23.646000,-66.731003,12.203000,111.763000,23.063000,30.561001,175.770996,0.000000,0.000000,0.000000,0.000000,0.000000,0.000000,0.000000,264.000000,-1245.000000,189.000000,-1417.000000,205.000000,-71.000000,-32.000000,22.000000,22.000000,22.000000,22.000000,22.000000,22.000000,22.000000,34.000000,34.000000,35.000000,36.000000,36.000000,36.000000,37.000000,1,1,1,1,1,1,1,0,0,0,0,0,0,0,75,5400.235840,967,0,1,0.543647,0.050000,-0.271999,3.075000,-0.228000,-0.008000,1
12.023100,-23.264999,-67.176003,12.097000,112.447998,22.933001,31.104000,175.658997,0.000000,0.000000,0.000000,0.000000,0.000000,0.000000,0.000000,264.000000,-1245.000000,189.000000,-1417.000000,205.000000,-71.000000,-32.000000,22.000000,22.000000,22.000000,22.000000,22.000000,22.000000,22.000000,34.000000,34.000000,35.000000,36.000000,36.000000,36.000000,37.000000,1,1,1,1,1,1,1,0,0,0,0,0,0,0,75,5400.235840,968,0,1,0.536885,0.049999,-0.272000,3.077000,-0.215000,-0.008000,1
12.033178,-22.832001,-67.675003,11.979000,113.226997,22.782000,31.735001,175.531006,0.000000,0.000000,0.000000,0.000000,0.000000,0.000000,0.000000,264.000000,-1245.000000,189.000000,-1417.000000,205.000000,-71.000000,-32.000000,22.000000,22.000000,22.000000,22.000000,22.000000,22.000000,22.000000,34.000000,34.000000,35.000000,36.000000,36.000000,36.000000,37.000000,1,1,1,1,1,1,1,0,0,0,0,0,0,0,75,5400.235840,967,0,1,0.529044,0.050000,-0.272000,3.080000,-0.200000,-0.007000,1
12.043112,-22.489000,-68.060997,11.887000,113.842003,22.660000,32.243000,175.429993,0.000000,0.000000,0.000000,0.000000,0.000000,0.000000,0.000000,264.000000,-1245.000000,189.000000,-1417.000000,205.000000,-71.000000,-32.000000,22.000000,22.000000,22.000000,22.000000,22.000000,22.000000,22.000000,34.000000,34.000000,35.000000,36.000000,36.000000,36.000000,37.000000,1,1,1,1,1,1,1,0,0,0,0,0,0,0,75,5400.237793,968,0,1,0.522751,0.050000,-0.272000,3.082000,-0.188000,-0.007000,1
12.053222,-22.164000,-68.421997,11.801000,114.427002,22.542000,32.733002,175.334000,0.000000,0.000000,0.000000,0.000000,0.000000,0.000000,0.000000,264.000000,-1245.000000,189.000000,-1417.000000,205.000000,-71.000000,-32.000000,22.000000,22.000000,22.000000,22.000000,22.000000,22.000000,22.000000,34.000000,34.000000,35.000000,36.000000,36.000000,36.000000,37.000000,1,1,1,1,1,1,1,0,0,0,0,0,0,0,75,5400.235840,967,0,1,0.516686,0.049999,-0.272000,3.085000,-0.176000,-0.007000,1
12.063196,-21.855000,-68.757004,11.721000,114.981003,22.427999,33.202000,175.242996,0.000000,0.000000,0.000000,0.000000,0.000000,0.000000,0.000000,264.000000,-1245.000000,189.000000,-1417.000000,205.000000,-71.000000,-32.000000,22.000000,22.000000,22.000000,22.000000,22.000000,22.000000,22.000000,34.000000,34.000000,35.000000,36.000000,36.000000,36.000000,37.000000,1,1,1,1,1,1,1,0,0,0,0,0,0,0,75,5400.235840,968,0,1,0.510860,0.050000,-0.272000,3.087000,-0.164000,-0.006000,1
12.073169,-21.506001,-69.126999,11.632000,115.607002,22.297001,33.737999,175.141006,0.000000,0.000000,0.000000,0.000000,0.000000,0.000000,0.000000,264.000000,-1245.000000,189.000000,-1417.000000,205.000000,-71.000000,-32.000000,22.000000,22.000000,22.000000,22.000000,22.000000,22.000000,22.000000,34.000000,34.000000,35.000000,36.000000,36.000000,36.000000,37.000000,1,1,1,1,1,1,1,0,0,0,0,0,0,0,75,5400.235840,968,0,1,0.504193,0.049999,-0.271999,3.089000,-0.151000,-0.006000,1
12.083212,-21.395000,-69.241997,11.605000,115.806000,22.254999,33.910000,175.108994,0.000000,0.000000,0.000000,0.000000,0.000000,0.000000,0.000000,264.000000,-1245.000000,189.000000,-1417.000000,205.000000,-71.000000,-32.000000,22.000000,22.000000,22.000000,22.000000,22.000000,22.000000,22.000000,34.000000,34.000000,35.000000,36.000000,36.000000,36.000000,37.000000,1,1,1,1,1,1,1,0,0,0,0,0,0,0,75,5400.235840,968,0,1,0.502051,0.050000,-0.271999,3.090000,-0.146000,-0.006000,1
12.093220,-21.128000,-69.514999,11.539000,116.283997,22.153000,34.323002,175.031006,0.000000,0.000000,0.000000,0.000000,0.000000,0.000000,0.000000,264.000000,-1245.000000,189.000000,-1417.000000,205.000000,-71.000000,-32.000000,22.000000,22.000000,22.000000,22.000000,22.000000,22.000000,22.000000,34.000000,34.000000,35.000000,36.000000,36.000000,36.000000,37.000000,1,1,1,1,1,1,1,0,0,0,0,0,0,0,75,5400.235840,967,0,1,0.496877,0.049999,-0.272000,3.092000,-0.136000,-0.005000,1
12.103338,-20.829000,-69.813004,11.468000,116.820999,22.037001,34.789001,174.942993,0.000000,0.000000,0.000000,0.000000,0.000000,0.000000,0.000000,264.000000,-1245.000000,189.000000,-1417.000000,205.000000,-71.000000,-32.000000,22.000000,22.000000,22.000000,22.000000,22.000000,22.000000,22.000000,34.000000,34.000000,35.000000,36.000000,36.000000,36.000000,37.000000,1,1,1,1,1,1,1,0,0,0,0,0,0,0,75,5400.235840,967,0,1,0.491012,0.049999,-0.272000,3.094000,-0.124000,-0.005000,1
12.113207,-20.596001,-70.038002,11.414000,117.237000,21.945000,35.152000,174.876007,0.000000,0.000000,0.000000,0.000000,0.000000,0.000000,0.000000,264.000000,-1245.000000,189.000000,-1417.000000,205.000000,-71.000000,-32.000000,22.000000,22.000000,22.000000,22.000000,22.000000,22.000000,22.000000,34.000000,34.000000,35.000000,36.000000,36.000000,36.000000,37.000000,1,1,1,1,1,1,1,0,0,0,0,0,0,0,75,5400.235840,968,0,1,0.486416,0.049999,-0.272000,3.096000,-0.115000,-0.004000,1
12.123163,-20.379000,-70.242996,11.365000,117.625999,21.858999,35.492001,174.813004,0.000000,0.000000,0.000000,0.000000,0.000000,0.000000,0.000000,264.000000,-1245.000000,189.000000,-1417.000000,205.000000,-71.000000,-32.000000,22.000000,22.000000,22.000000,22.000000,22.000000,22.000000,22.000000,34.000000,34.000000,35.000000,36.000000,36.000000,36.000000,37.000000,1,1,1,1,1,1,1,0,0,0,0,0,0,0,75,5400.237793,967,0,1,0.482087,0.049999,-0.271999,3.098000,-0.106000,-0.004000,1
12.133098,-20.176001,-70.428001,11.320000,117.987999,21.777000,35.807999,174.755005,0.000000,0.000000,0.000000,0.000000,0.000000,0.000000,0.000000,264.000000,-1245.000000,189.000000,-1417.000000,205.000000,-71.000000,-32.000000,22.000000,22.000000,22.000000,22.000000,22.000000,22.000000,22.000000,34.000000,34.000000,35.000000,36.000000,36.000000,36.000000,37.000000,1,1,1,1,1,1,1,0,0,0,0,0,0,0,75,5400.235840,967,0,1,0.478028,0.049999,-0.272000,3.099000,-0.098000,-0.003000,1
12.143153,-19.987000,-70.595001,11.279000,118.323997,21.700001,36.101002,174.701996,0.000000,0.000000,0.000000,0.000000,0.000000,0.000000,0.000000,264.000000,-1245.000000,189.000000,-1417.000000,205.000000,-71.000000,-32.000000,22.000000,22.000000,22.000000,22.000000,22.000000,22.000000,22.000000,34.000000,34.000000,35.000000,36.000000,36.000000,36.000000,37.000000,1,1,1,1,1,1,1,0,0,0,0,0,0,0,75,5400.232910,968,0,1,0.474236,0.049999,-0.271999,3.101000,-0.090000,-0.003000,1
12.153233,-19.780001,-70.774002,11.236000,118.694000,21.615000,36.423000,174.643997,0.000000,0.000000,0.000000,0.000000,0.000000,0.000000,0.000000,264.000000,-1245.000000,189.000000,-1417.000000,205.000000,-71.000000,-32.000000,22.000000,22.000000,22.000000,22.000000,22.000000,22.000000,22.000000,34.000000,34.000000,35.000000,36.000000,36.000000,36.000000,37.000000,1,1,1,1,1,1,1,0,0,0,0,0,0,0,75,5400.237793,967,0,1,0.470039,0.049999,-0.272000,3.102000,-0.081000,-0.003000,1
12.163217,-19.621000,-70.905998,11.204000,118.974998,21.548000,36.667000,174.600998,0.000000,0.000000,0.000000,0.000000,0.000000,0.000000,0.000000,264.000000,-1245.000000,189.000000,-1417.000000,205.000000,-71.000000,-32.000000,22.000000,22.000000,22.000000,22.000000,22.000000,22.000000,22.000000,34.000000,34.000000,35.000000,36.000000,36.000000,36.000000,37.000000,1,1,1,1,1,1,1,0,0,0,0,0,0,0,75,5400.234863,968,0,1,0.466833,0.049999,-0.272000,3.104000,-0.074000,-0.002000,1
12.173520,-19.476000,-71.023003,11.176000,119.232002,21.486000,36.889000,174.561996,0.000000,0.000000,0.000000,0.000000,0.000000,0.000000,0.000000,264.000000,-1245.000000,189.000000,-1417.000000,205.000000,-71.000000,-32.000000,22.000000,22.000000,22.000000,22.000000,22.000000,22.000000,22.000000,34.000000,34.000000,35.000000,36.000000,36.000000,36.000000,37.000000,1,1,1,1,1,1,1,0,0,0,0,0,0,0,75,5400.235840,967,0,1,0.463887,0.049999,-0.272000,3.105000,-0.068000,-0.002000,1
12.183293,-19.344000,-71.125999,11.151000,119.464996,21.429001,37.091000,174.528000,0.000000,0.000000,0.000000,0.000000,0.000000,0.000000,0.000000,264.000000,-1245.000000,189.000000,-1417.000000,205.000000,-71.000000,-32.000000,22.000000,22.000000,22.000000,22.000000,22.000000,22.000000,22.000000,34.000000,34.000000,35.000000,36.000000,36.000000,36.000000,37.000000,1,1,1,1,1,1,1,0,0,0,0,0,0,0,75,5400.235840,968,0,1,0.461197,0.049999,-0.272000,3.106000,-0.063000,-0.002000,1
12.193247,-19.270000,-71.182999,11.138000,119.594002,21.396000,37.202000,174.509003,0.000000,0.000000,0.000000,0.000000,0.000000,0.000000,0.000000,264.000000,-1245.000000,189.000000,-1417.000000,205.000000,-71.000000,-32.000000,22.000000,22.000000,22.000000,22.000000,22.000000,22.000000,22.000000,34.000000,34.000000,35.000000,36.000000,36.000000,36.000000,37.000000,1,1,1,1,1,1,1,0,0,0,0,0,0,0,75,5400.235840,968,0,1,0.459704,0.049999,-0.272000,3.107000,-0.060000,-0.001000,1
12.203193,-19.157000,-71.266998,11.118000,119.792000,21.344999,37.372002,174.481003,0.000000,0.000000,0.000000,0.000000,0.000000,0.000000,0.000000,264.000000,-1245.000000,189.000000,-1417.000000,205.000000,-71.000000,-32.000000,22.000000,22.000000,22.000000,22.000000,22.000000,22.000000,22.000000,34.000000,34.000000,35.000000,36.000000,36.000000,36.000000,37.000000,1,1,1,1,1,1,1,0,0,0,0,0,0,0,75,5400.234863,967,0,1,0.457410,0.049999,-0.271999,3.107000,-0.055000,-0.001000,1
12.213467,-19.054001,-71.339996,11.100000,119.968002,21.299000,37.523998,174.457993,0.000000,0.000000,0.000000,0.000000,0.000000,0.000000,0.000000,264.000000,-1245.000000,189.000000,-1417.000000,205.000000,-71.000000,-32.000000,22.000000,22.000000,22.000000,22.000000,22.000000,22.000000,22.000000,34.000000,34.000000,35.000000,36.000000,36.000000,36.000000,37.000000,1,1,1,1,1,1,1,0,0,0,0,0,0,0,75,5400.235840,968,0,1,0.455355,0.049999,-0.271999,3.108000,-0.050000,-0.001000,1
12.223336,-18.962999,-71.403999,11.086000,120.125000,21.256001,37.657001,174.438995,0.000000,0.000000,0.000000,0.000000,0.000000,0.000000,0.000000,264.000000,-1245.000000,189.000000,-1417.000000,205.000000,-71.000000,-32.000000,22.000000,22.000000,22.000000,22.000000,22.000000,22.000000,22.000000,34.000000,34.000000,35.000000,36.000000,36.000000,36.000000,37.000000,1,1,1,1,1,1,1,0,0,0,0,0,0,0,75,5400.235840,968,0,1,0.453529,0.050000,-0.272000,3.109000,-0.047000,-0.001000,1
12.233521,-18.867001,-71.468002,11.071000,120.287003,21.209000,37.794998,174.419998,0.000000,0.000000,0.000000,0.000000,0.000000,0.000000,0.000000,264.000000,-1245.000000,189.000000,-1417.000000,205.000000,-71.000000,-32.000000,22.000000,22.000000,22.000000,22.000000,22.000000,22.000000,22.000000,34.000000,34.000000,35.000000,36.000000,36.000000,36.000000,37.000000,1,1,1,1,1,1,1,0,0,0,0,0,0,0,75,5400.235840,967,0,1,0.451625,0.049999,-0.272000,3.110000,-0.043000,0.000000,1
12.244255,-18.798000,-71.513000,11.061000,120.403000,21.173000,37.893002,174.408997,0.000000,0.000000,0.000000,0.000000,0.000000,0.000000,0.000000,264.000000,-1245.000000,189.000000,-1417.000000,205.000000,-71.000000,-32.000000,22.000000,22.000000,22.000000,22.000000,22.000000,22.000000,22.000000,34.000000,34.000000,35.000000,36.000000,36.000000,36.000000,37.000000,1,1,1,1,1,1,1,0,0,0,0,0,0,0,75,5400.234863,968,0,1,0.450267,0.049999,-0.271999,3.110000,-0.040000,0.000000,1
12.254187,-18.738001,-71.550003,11.054000,120.501999,21.141001,37.976002,174.401001,0.000000,0.000000,0.000000,0.000000,0.000000,0.000000,0.000000,264.000000,-1245.000000,189.000000,-1417.000000,205.000000,-71.000000,-32.000000,22.000000,22.000000,22.000000,22.000000,22.000000,22.000000,22.000000,34.000000,34.000000,35.000000,36.000000,36.000000,36.000000,37.000000,1,1,1,1,1,1,1,0,0,0,0,0,0,0,75,5400.234863,967,0,1,0.449103,0.050000,-0.271999,3.111000,-0.037000,0.000000,1
12.264185,-18.676001,-71.586998,11.047000,120.599998,21.107000,38.056999,174.395996,0.000000,0.000000,0.000000,0.000000,0.000000,0.000000,0.000000,264.000000,-1245.000000,189.000000,-1417.000000,205.000000,-71.000000,-32.000000,22.000000,22.000000,22.000000,22.000000,22.000000,22.000000,22.000000,34.000000,34.000000,35.000000,36.000000,36.000000,36.000000,37.000000,1,1,1,1,1,1,1,0,0,0,0,0,0,0,75,5400.235840,967,0,1,0.447945,0.049999,-0.272000,3.111000,-0.035000,0.000000,1
12.274340,-18.632999,-71.611000,11.043000,120.667000,21.080999,38.112000,174.395004,0.000000,0.000000,0.000000,0.000000,0.000000,0.000000,0.000000,264.000000,-1245.000000,189.000000,-1417.000000,205.000000,-71.000000,-32.000000,22.000000,22.000000,22.000000,22.000000,22.000000,22.000000,22.000000,34.000000,34.000000,35.000000,36.000000,36.000000,36.000000,37.000000,1,1,1,1,1,1,1,0,0,0,0,0,0,0,75,5400.235840,967,0,1,0.447163,0.050000,-0.272000,3.112000,-0.033000,0.000000,1
12.284148,-18.597000,-71.629997,11.041000,120.720001,21.058001,38.154999,174.397003,0.000000,0.000000,0.000000,0.000000,0.000000,0.000000,0.000000,264.000000,-1245.000000,189.000000,-1417.000000,205.000000,-71.000000,-32.000000,22.000000,22.000000,22.000000,22.000000,22.000000,22.000000,22.000000,34.000000,34.000000,35.000000,36.000000,36.000000,36.000000,37.000000,1,1,1,1,1,1,1,0,0,0,0,0,0,0,75,5400.235840,968,0,1,0.446532,0.049999,-0.272000,3.112000,-0.032000,0.000000,1
12.294228,-18.562000,-71.647003,11.039000,120.768997,21.032000,38.193001,174.401993,0.000000,0.000000,0.000000,0.000000,0.000000,0.000000,0.000000,264.000000,-1245.000000,189.000000,-1417.000000,205.000000,-71.000000,-32.000000,22.000000,22.000000,22.000000,22.000000,22.000000,22.000000,22.000000,34.000000,34.000000,35.000000,36.000000,36.000000,36.000000,37.000000,1,1,1,1,1,1,1,0,0,0,0,0,0,0,75,5400.235840,968,0,1,0.445952,0.050000,-0.272000,3.112000,-0.030000,0.000000,1
12.304176,-18.539000,-71.656998,11.040000,120.799004,21.013000,38.216000,174.408997,0.000000,0.000000,0.000000,0.000000,0.000000,0.000000,0.000000,264.000000,-1245.000000,189.000000,-1417.000000,205.000000,-71.000000,-32.000000,22.000000,22.000000,22.000000,22.000000,22.000000,22.000000,22.000000,34.000000,34.000000,35.000000,36.000000,36.000000,36.000000,37.000000,1,1,1,1,1,1,1,0,0,0,0,0,0,0,75,5400.235840,968,0,1,0.445600,0.049999,-0.272000,3.112000,-0.030000,0.000000,1
12.314420,-18.520000,-71.663002,11.041000,120.820999,20.996000,38.230000,174.417999,0.000000,0.000000,0.000000,0.000000,0.000000,0.000000,0.000000,264.000000,-1245.000000,189.000000,-1417.000000,205.000000,-71.000000,-32.000000,22.000000,22.000000,22.000000,22.000000,22.000000,22.000000,22.000000,34.000000,34.000000,35.000000,36.000000,36.000000,36.000000,37.000000,1,1,1,1,1,1,1,0,0,0,0,0,0,0,75,5400.235840,968,0,1,0.445347,0.049999,-0.272000,3.112000,-0.029000,0.000000,1
12.324256,-18.504999,-71.667999,11.043000,120.835999,20.980000,38.238998,174.427994,0.000000,0.000000,0.000000,0.000000,0.000000,0.000000,0.000000,264.000000,-1245.000000,189.000000,-1417.000000,205.000000,-71.000000,-32.000000,22.000000,22.000000,22.000000,22.000000,22.000000,22.000000,22.000000,34.000000,34.000000,35.000000,36.000000,36.000000,36.000000,37.000000,1,1,1,1,1,1,1,0,0,0,0,0,0,0,75,5400.235840,968,0,1,0.445179,0.050000,-0.272000,3.112000,-0.029000,0.000000,1
12.334281,-18.493000,-71.669998,11.046000,120.845001,20.965000,38.243000,174.438995,0.000000,0.000000,0.000000,0.000000,0.000000,0.000000,0.000000,264.000000,-1245.000000,189.000000,-1417.000000,205.000000,-71.000000,-32.000000,22.000000,22.000000,22.000000,22.000000,22.000000,22.000000,22.000000,34.000000,34.000000,35.000000,36.000000,36.000000,36.000000,37.000000,1,1,1,1,1,1,1,0,0,0,0,0,0,0,75,5400.235840,968,0,1,0.445078,0.050000,-0.272000,3.112000,-0.029000,0.000000,1
12.344368,-18.487000,-71.669998,11.048000,120.848000,20.957001,38.243000,174.447006,0.000000,0.000000,0.000000,0.000000,0.000000,0.000000,0.000000,264.000000,-1245.000000,189.000000,-1417.000000,205.000000,-71.000000,-32.000000,22.000000,22.000000,22.000000,22.000000,22.000000,22.000000,22.000000,34.000000,34.000000,35.000000,36.000000,36.000000,36.000000,37.000000,1,1,1,1,1,1,1,0,0,0,0,0,0,0,75,5400.235840,967,0,1,0.445042,0.049999,-0.272000,3.112000,-0.029000,0.000000,1
12.354307,-18.478001,-71.670998,11.051000,120.850998,20.943001,38.242001,174.459000,0.000000,0.000000,0.000000,0.000000,0.000000,0.000000,0.000000,264.000000,-1245.000000,189.000000,-1417.000000,205.000000,-71.000000,-32.000000,22.000000,22.000000,22.000000,22.000000,22.000000,22.000000,22.000000,34.000000,34.000000,35.000000,36.000000,36.000000,36.000000,37.000000,1,1,1,1,1,1,1,0,0,0,0,0,0,0,75,5400.235840,967,0,1,0.445012,0.050000,-0.272000,3.112000,-0.029000,0.000000,1
12.364321,-18.471001,-71.669998,11.055000,120.852997,20.930000,38.238998,174.472000,0.000000,0.000000,0.000000,0.000000,0.000000,0.000000,0.000000,264.000000,-1245.000000,189.000000,-1417.000000,205.000000,-71.000000,-32.000000,22.000000,22.000000,22.000000,22.000000,22.000000,22.000000,22.000000,34.000000,34.000000,35.000000,36.000000,36.000000,36.000000,37.000000,1,1,1,1,1,1,1,0,0,0,0,0,0,0,75,5400.235840,967,0,1,0.445003,0.049999,-0.272000,3.113000,-0.028000,0.000000,1
12.374286,-18.469000,-71.669998,11.056000,120.853996,20.927000,38.237999,174.475006,0.000000,0.000000,0.000000,0.000000,0.000000,0.000000,0.000000,275.000000,-1220.000000,213.000000,-1412.000000,174.000000,-100.000000,-45.000000,22.000000,22.000000,22.000000,22.000000,22.000000,22.000000,22.000000,34.000000,34.000000,35.000000,36.000000,36.000000,36.000000,37.000000,1,1,1,1,1,1,1,0,0,0,0,0,0,0,75,5400.234863,968,0,1,0.444999,0.050000,-0.272000,3.113000,-0.028000,0.000000,0
12.384367,-18.469000,-71.669998,11.056000,120.853996,20.927000,38.237999,174.475006,0.000000,0.000000,0.000000,0.000000,0.000000,0.000000,0.240000,273.000000,-1223.000000,222.000000,-1402.000000,165.000000,-102.000000,-58.000000,22.000000,22.000000,22.000000,22.000000,22.000000,22.000000,22.000000,34.000000,34.000000,35.000000,36.000000,36.000000,36.000000,37.000000,1,1,1,1,1,1,1,0,0,0,0,0,0,0,75,5400.234863,967,0,1,0.444999,0.050000,-0.272000,3.113000,-0.028000,0.000000,0
12.394282,-18.469000,-71.669998,11.056000,120.853996,20.927000,38.237999,174.475006,0.000000,0.000000,0.000000,0.000000,0.000000,0.000000,-0.120000,281.000000,-1225.000000,207.000000,-1417.000000,164.000000,-101.000000,-61.000000,22.000000,22.000000,22.000000,22.000000,22.000000,22.000000,22.000000,34.000000,34.000000,35.000000,36.000000,36.000000,36.000000,37.000000,1,1,1,1,1,1,1,0,0,0,0,0,0,0,75,5400.234863,967,0,1,0.444999,0.050000,-0.272000,3.113000,-0.028000,0.000000,0
12.404270,-18.469000,-71.669998,11.056000,120.853996,20.927000,38.237999,174.475006,0.000000,0.000000,0.000000,0.000000,0.000000,0.000000,0.000000,279.000000,-1221.000000,200.000000,-1416.000000,164.000000,-98.000000,-66.000000,22.000000,22.000000,22.000000,22.000000,22.000000,22.000000,22.000000,34.000000,34.000000,35.000000,36.000000,36.000000,36.000000,37.000000,1,1,1,1,1,1,1,0,0,0,0,0,0,0,75,5400.234863,967,0,1,0.444999,0.050000,-0.272000,3.113000,-0.028000,0.000000,0
12.414436,-18.469000,-71.669998,11.056000,120.853996,20.927000,38.237999,174.475006,0.000000,0.000000,0.000000,0.000000,0.000000,0.000000,0.120000,286.000000,-1213.000000,227.000000,-1416.000000,164.000000,-100.000000,-52.000000,22.000000,22.000000,22.000000,22.000000,22.000000,22.000000,22.000000,34.000000,34.000000,35.000000,36.000000,36.000000,36.000000,37.000000,1,1,1,1,1,1,1,0,0,0,0,0,0,0,75,5400.235840,967,0,1,0.444999,0.050000,-0.272000,3.113000,-0.028000,0.000000,0
12.424297,-18.469000,-71.669998,11.056000,120.853996,20.927000,38.237999,174.475006,0.000000,0.000000,0.000000,0.000000,0.000000,0.000000,0.000000,282.000000,-1220.000000,199.000000,-1412.000000,164.000000,-98.000000,-48.000000,22.000000,22.000000,22.000000,22.000000,22.000000,22.000000,22.000000,34.000000,34.000000,35.000000,36.000000,36.000000,36.000000,37.000000,1,1,1,1,1,1,1,0,0,0,0,0,0,0,75,5400.235840,968,0,1,0.444999,0.050000,-0.272000,3.113000,-0.028000,0.000000,0
12.434348,-18.469000,-71.669998,11.056000,120.853996,20.927000,38.237999,174.475006,0.000000,0.000000,0.000000,0.000000,0.000000,0.000000,0.000000,279.000000,-1210.000000,205.000000,-1403.000000,159.000000,-98.000000,-70.000000,22.000000,22.000000,22.000000,22.000000,22.000000,22.000000,22.000000,34.000000,34.000000,35.000000,36.000000,36.000000,36.000000,37.000000,1,1,1,1,1,1,1,0,0,0,0,0,0,0,75,5400.235840,968,0,1,0.444999,0.050000,-0.272000,3.113000,-0.028000,0.000000,0
12.444275,-18.469000,-71.669998,11.056000,120.853996,20.927000,38.237999,174.475006,0.000000,0.000000,0.000000,0.000000,0.000000,0.000000,0.000000,280.000000,-1213.000000,215.000000,-1420.000000,157.000000,-98.000000,-52.000000,22.000000,22.000000,22.000000,22.000000,22.000000,22.000000,22.000000,34.000000,34.000000,35.000000,36.000000,36.000000,36.000000,37.000000,1,1,1,1,1,1,1,0,0,0,0,0,0,0,75,5400.234863,968,0,1,0.444999,0.050000,-0.272000,3.113000,-0.028000,0.000000,0
12.454251,-18.469000,-71.669998,11.056000,120.853996,20.927000,38.237999,174.475006,0.000000,0.000000,0.000000,0.000000,0.000000,0.000000,0.000000,279.000000,-1212.000000,218.000000,-1416.000000,164.000000,-98.000000,-58.000000,22.000000,22.000000,22.000000,22.000000,22.000000,22.000000,22.000000,34.000000,34.000000,35.000000,36.000000,36.000000,36.000000,37.000000,1,1,1,1,1,1,1,0,0,0,0,0,0,0,75,5400.235840,967,0,1,0.444999,0.050000,-0.272000,3.113000,-0.028000,0.000000,0
12.464328,-18.469000,-71.669998,11.056000,120.853996,20.927000,38.237999,174.475006,0.000000,0.000000,0.000000,0.000000,0.000000,0.000000,0.120000,279.000000,-1204.000000,203.000000,-1400.000000,165.000000,-97.000000,-60.000000,22.000000,22.000000,22.000000,22.000000,22.000000,22.000000,22.000000,34.000000,34.000000,35.000000,36.000000,36.000000,36.000000,37.000000,1,1,1,1,1,1,1,0,0,0,0,0,0,0,75,5400.234863,967,0,1,0.444999,0.050000,-0.272000,3.113000,-0.028000,0.000000,0
12.474284,-18.469000,-71.669998,11.056000,120.853996,20.927000,38.237999,174.475006,0.000000,0.000000,0.000000,0.000000,0.000000,0.000000,-0.120000,268.000000,-1205.000000,215.000000,-1421.000000,162.000000,-96.000000,-58.000000,22.000000,22.000000,22.000000,22.000000,22.000000,22.000000,22.000000,34.000000,34.000000,35.000000,36.000000,36.000000,36.000000,37.000000,1,1,1,1,1,1,1,0,0,0,0,0,0,0,75,5400.234863,967,0,1,0.444999,0.050000,-0.272000,3.113000,-0.028000,0.000000,0
12.484227,-18.469000,-71.669998,11.056000,120.853996,20.927000,38.237999,174.475006,0.000000,0.000000,0.000000,0.000000,0.000000,0.000000,0.000000,262.000000,-1202.000000,218.000000,-1421.000000,155.000000,-97.000000,-55.000000,22.000000,22.000000,22.000000,22.000000,22.000000,22.000000,22.000000,34.000000,34.000000,35.000000,36.000000,36.000000,36.000000,37.000000,1,1,1,1,1,1,1,0,0,0,0,0,0,0,75,5400.234863,967,0,1,0.444999,0.050000,-0.272000,3.113000,-0.028000,0.000000,0
12.494248,-18.469000,-71.669998,11.056000,120.853996,20.927000,38.237999,174.475006,0.000000,0.000000,0.000000,0.000000,0.000000,0.000000,0.000000,266.000000,-1210.000000,210.000000,-1425.000000,161.000000,-99.000000,-49.000000,22.000000,22.000000,22.000000,22.000000,22.000000,22.000000,22.000000,34.000000,34.000000,35.000000,36.000000,36.000000,36.000000,37.000000,1,1,1,1,1,1,1,0,0,0,0,0,0,0,75,5400.235840,968,0,1,0.444999,0.050000,-0.272000,3.113000,-0.028000,0.000000,0
12.504313,-18.469000,-71.669998,11.056000,120.853996,20.927000,38.237999,174.475006,0.000000,0.000000,0.000000,0.000000,0.000000,0.000000,0.000000,265.000000,-1208.000000,231.000000,-1417.000000,165.000000,-99.000000,-50.000000,22.000000,22.000000,22.000000,22.000000,22.000000,22.000000,22.000000,34.000000,34.000000,35.000000,36.000000,36.000000,36.000000,37.000000,1,1,1,1,1,1,1,0,0,0,0,0,0,0,75,5400.235840,967,0,1,0.444999,0.050000,-0.272000,3.113000,-0.028000,0.000000,0
12.514374,-18.469000,-71.669998,11.056000,120.853996,20.927000,38.237999,174.475006,0.000000,0.000000,0.000000,0.000000,0.000000,0.000000,0.000000,269.000000,-1219.000000,197.000000,-1419.000000,161.000000,-107.000000,-66.000000,22.000000,22.000000,22.000000,22.000000,22.000000,22.000000,22.000000,34.000000,34.000000,35.000000,36.000000,36.000000,36.000000,37.000000,1,1,1,1,1,1,1,0,0,0,0,0,0,0,75,5400.237793,967,0,1,0.444999,0.050000,-0.272000,3.113000,-0.028000,0.000000,0
12.524366,-18.469000,-71.669998,11.056000,120.853996,20.927000,38.237999,174.475006,0.120000,0.000000,0.000000,0.000000,0.000000,0.000000,-0.120000,265.000000,-1219.000000,224.000000,-1437.000000,167.000000,-93.000000,-47.000000,22.000000,22.000000,22.000000,22.000000,22.000000,22.000000,22.000000,34.000000,34.000000,35.000000,36.000000,36.000000,36.000000,37.000000,1,1,1,1,1,1,1,0,0,0,0,0,0,0,75,5400.234863,968,0,1,0.444999,0.050000,-0.272000,3.113000,-0.028000,0.000000,0
12.534323,-18.469000,-71.669998,11.056000,120.853996,20.927000,38.237999,174.475006,0.000000,0.000000,0.000000,0.000000,0.000000,0.000000,0.000000,251.000000,-1222.000000,221.000000,-1409.000000,162.000000,-97.000000,-50.000000,22.000000,22.000000,22.000000,22.000000,22.000000,22.000000,22.000000,34.000000,34.000000,35.000000,36.000000,36.000000,36.000000,37.000000,1,1,1,1,1,1,1,0,0,0,0,0,0,0,75,5400.234863,968,0,1,0.444999,0.050000,-0.272000,3.113000,-0.028000,0.000000,0
12.544361,-18.469000,-71.669998,11.056000,120.853996,20.927000,38.237999,174.475006,0.000000,0.000000,0.000000,0.000000,0.000000,0.000000,0.000000,260.000000,-1222.000000,240.000000,-1416.000000,160.000000,-95.000000,-57.000000,22.000000,22.000000,22.000000,22.000000,22.000000,22.000000,22.000000,34.000000,34.000000,35.000000,36.000000,36.000000,36.000000,37.000000,1,1,1,1,1,1,1,0,0,0,0,0,0,0,75,5400.235840,968,0,1,0.444999,0.050000,-0.272000,3.113000,-0.028000,0.000000,0
12.554497,-18.469000,-71.669998,11.056000,120.853996,20.927000,38.237999,174.475006,0.000000,0.000000,0.000000,0.000000,0.000000,0.000000,0.000000,252.000000,-1223.000000,238.000000,-1432.000000,167.000000,-97.000000,-54.000000,22.000000,22.000000,22.000000,22.000000,22.000000,22.000000,22.000000,34.000000,34.000000,35.000000,36.000000,36.000000,36.000000,37.000000,1,1,1,1,1,1,1,0,0,0,0,0,0,0,75,5400.234863,967,0,1,0.444999,0.050000,-0.272000,3.113000,-0.028000,0.000000,0
12.564272,-18.469000,-71.669998,11.056000,120.853996,20.927000,38.237999,174.475006,0.000000,0.000000,0.000000,0.000000,0.000000,0.000000,0.000000,259.000000,-1232.000000,234.000000,-1424.000000,164.000000,-96.000000,-63.000000,22.000000,22.000000,22.000000,22.000000,22.000000,22.000000,22.000000,34.000000,34.000000,35.000000,36.000000,36.000000,36.000000,37.000000,1,1,1,1,1,1,1,0,0,0,0,0,0,0,75,5400.235840,968,0,1,0.444999,0.050000,-0.272000,3.113000,-0.028000,0.000000,0
12.574392,-18.469000,-71.669998,11.056000,120.853996,20.927000,38.237999,174.475006,0.000000,0.000000,0.000000,0.000000,0.000000,0.000000,0.000000,260.000000,-1226.000000,224.000000,-1417.000000,159.000000,-94.000000,-52.000000,22.000000,22.000000,22.000000,22.000000,22.000000,22.000000,22.000000,34.000000,34.000000,35.000000,36.000000,36.000000,36.000000,37.000000,1,1,1,1,1,1,1,0,0,0,0,0,0,0,75,5400.235840,967,0,1,0.444999,0.050000,-0.272000,3.113000,-0.028000,0.000000,0
12.584314,-18.469000,-71.669998,11.056000,120.853996,20.927000,38.237999,174.475006,0.000000,0.000000,0.000000,0.000000,0.000000,0.000000,0.000000,259.000000,-1212.000000,251.000000,-1429.000000,162.000000,-100.000000,-60.000000,22.000000,22.000000,22.000000,22.000000,22.000000,22.000000,22.000000,34.000000,34.000000,35.000000,36.000000,36.000000,36.000000,37.000000,1,1,1,1,1,1,1,0,0,0,0,0,0,0,75,5400.232910,967,0,1,0.444999,0.050000,-0.272000,3.113000,-0.028000,0.000000,0
12.594287,-18.469000,-71.669998,11.056000,120.853996,20.927000,38.237999,174.475006,0.000000,0.000000,0.000000,0.000000,0.000000,0.000000,0.120000,266.000000,-1209.000000,234.000000,-1424.000000,164.000000,-99.000000,-59.000000,22.000000,22.000000,22.000000,22.000000,22.000000,22.000000,22.000000,34.000000,34.000000,35.000000,36.000000,36.000000,36.000000,37.000000,1,1,1,1,1,1,1,0,0,0,0,0,0,0,75,5400.235840,966,0,1,0.444999,0.050000,-0.272000,3.113000,-0.028000,0.000000,0
12.604204,-18.469000,-71.669998,11.056000,120.853996,20.927000,38.237999,174.475006,0.000000,0.000000,0.000000,0.000000,0.000000,0.000000,0.000000,266.000000,-1226.000000,245.000000,-1420.000000,163.000000,-100.000000,-43.000000,22.000000,22.000000,22.000000,22.000000,22.000000,22.000000,22.000000,34.000000,34.000000,35.000000,36.000000,36.000000,36.000000,37.000000,1,1,1,1,1,1,1,0,0,0,0,0,0,0,75,5400.235840,968,0,1,0.444999,0.050000,-0.272000,3.113000,-0.028000,0.000000,0
12.614358,-18.469000,-71.669998,11.056000,120.853996,20.927000,38.237999,174.475006,0.000000,0.000000,0.000000,0.000000,0.000000,0.000000,-0.120000,264.000000,-1218.000000,232.000000,-1420.000000,163.000000,-97.000000,-59.000000,22.000000,22.000000,22.000000,22.000000,22.000000,22.000000,22.000000,34.000000,34.000000,35.000000,36.000000,36.000000,36.000000,37.000000,1,1,1,1,1,1,1,0,0,0,0,0,0,0,75,5400.235840,968,0,1,0.444999,0.050000,-0.272000,3.113000,-0.028000,0.000000,0
12.624309,-18.469000,-71.669998,11.056000,120.853996,20.927000,38.237999,174.475006,0.000000,0.000000,0.000000,0.000000,0.000000,0.000000,-0.120000,270.000000,-1224.000000,243.000000,-1423.000000,167.000000,-101.000000,-52.000000,22.000000,22.000000,22.000000,22.000000,22.000000,22.000000,22.000000,34.000000,34.000000,35.000000,36.000000,36.000000,36.000000,37.000000,1,1,1,1,1,1,1,0,0,0,0,0,0,0,75,5400.235840,967,0,1,0.444999,0.050000,-0.272000,3.113000,-0.028000,0.000000,0
12.634278,-18.469000,-71.669998,11.056000,120.853996,20.927000,38.237999,174.475006,0.000000,0.000000,0.000000,0.000000,0.000000,0.000000,0.000000,275.000000,-1228.000000,228.000000,-1417.000000,165.000000,-96.000000,-60.000000,22.000000,22.000000,22.000000,22.000000,22.000000,22.000000,22.000000,34.000000,34.000000,35.000000,36.000000,36.000000,36.000000,37.000000,1,1,1,1,1,1,1,0,0,0,0,0,0,0,75,5400.234863,967,0,1,0.444999,0.050000,-0.272000,3.113000,-0.028000,0.000000,0
12.644280,-18.469000,-71.669998,11.056000,120.853996,20.927000,38.237999,174.475006,0.000000,0.000000,0.000000,0.000000,0.000000,0.000000,0.000000,279.000000,-1233.000000,245.000000,-1440.000000,164.000000,-101.000000,-52.000000,22.000000,22.000000,22.000000,22.000000,22.000000,22.000000,22.000000,34.000000,34.000000,35.000000,36.000000,36.000000,36.000000,37.000000,1,1,1,1,1,1,1,0,0,0,0,0,0,0,75,5400.235840,967,0,1,0.444999,0.050000,-0.272000,3.113000,-0.028000,0.000000,0
12.654278,-18.469000,-71.669998,11.056000,120.853996,20.927000,38.237999,174.475006,0.000000,0.000000,0.000000,0.000000,0.000000,0.000000,0.000000,284.000000,-1233.000000,230.000000,-1423.000000,162.000000,-97.000000,-52.000000,22.000000,22.000000,22.000000,22.000000,22.000000,22.000000,22.000000,34.000000,34.000000,35.000000,36.000000,36.000000,36.000000,37.000000,1,1,1,1,1,1,1,0,0,0,0,0,0,0,75,5400.235840,968,0,1,0.444999,0.050000,-0.272000,3.113000,-0.028000,0.000000,0
12.664284,-18.469000,-71.669998,11.056000,120.853996,20.927000,38.237999,174.475006,0.000000,0.000000,0.000000,0.000000,0.000000,0.000000,0.000000,275.000000,-1237.000000,238.000000,-1412.000000,170.000000,-100.000000,-49.000000,22.000000,22.000000,22.000000,22.000000,22.000000,22.000000,22.000000,34.000000,34.000000,35.000000,36.000000,36.000000,36.000000,37.000000,1,1,1,1,1,1,1,0,0,0,0,0,0,0,75,5400.235840,968,0,1,0.444999,0.050000,-0.272000,3.113000,-0.028000,0.000000,0
12.674236,-18.469000,-71.669998,11.056000,120.853996,20.927000,38.237999,174.475006,0.000000,0.000000,0.000000,0.000000,0.000000,0.000000,0.240000,274.000000,-1235.000000,227.000000,-1415.000000,164.000000,-90.000000,-47.000000,22.000000,22.000000,22.000000,22.000000,22.000000,22.000000,22.000000,34.000000,34.000000,35.000000,36.000000,36.000000,36.000000,37.000000,1,1,1,1,1,1,1,0,0,0,0,0,0,0,75,5400.235840,968,0,1,0.444999,0.050000,-0.272000,3.113000,-0.028000,0.000000,0
12.684342,-18.469000,-71.669998,11.056000,120.853996,20.927000,38.237999,174.475006,0.000000,0.000000,0.000000,0.000000,0.000000,0.000000,0.000000,279.000000,-1233.000000,210.000000,-1418.000000,168.000000,-100.000000,-56.000000,22.000000,22.000000,22.000000,22.000000,22.000000,22.000000,22.000000,34.000000,34.000000,35.000000,36.000000,36.000000,36.000000,37.000000,1,1,1,1,1,1,1,0,0,0,0,0,0,0,75,5400.234863,968,0,1,0.444999,0.050000,-0.272000,3.113000,-0.028000,0.000000,0
12.694274,-18.469000,-71.669998,11.056000,120.853996,20.927000,38.237999,174.475006,0.000000,0.000000,0.000000,0.000000,0.000000,0.000000,0.000000,276.000000,-1234.000000,210.000000,-1432.000000,169.000000,-93.000000,-64.000000,22.000000,22.000000,22.000000,22.000000,22.000000,22.000000,22.000000,34.000000,34.000000,35.000000,36.000000,36.000000,36.000000,37.000000,1,1,1,1,1,1,1,0,0,0,0,0,0,0,75,5400.235840,968,0,1,0.444999,0.050000,-0.272000,3.113000,-0.028000,0.000000,0
12.704241,-18.469000,-71.669998,11.056000,120.853996,20.927000,38.237999,174.475006,0.000000,0.000000,0.000000,0.000000,0.000000,0.000000,0.240000,275.000000,-1235.000000,226.000000,-1423.000000,169.000000,-95.000000,-62.000000,22.000000,22.000000,22.000000,22.000000,22.000000,22.000000,22.000000,34.000000,34.000000,35.000000,36.000000,36.000000,36.000000,37.000000,1,1,1,1,1,1,1,0,0,0,0,0,0,0,75,5400.234863,968,0,1,0.444999,0.050000,-0.272000,3.113000,-0.028000,0.000000,0
12.714321,-18.469000,-71.669998,11.056000,120.853996,20.927000,38.237999,174.475006,0.000000,0.000000,0.000000,0.000000,0.000000,0.000000,0.000000,275.000000,-1244.000000,234.000000,-1419.000000,166.000000,-99.000000,-45.000000,22.000000,22.000000,22.000000,22.000000,22.000000,22.000000,22.000000,34.000000,34.000000,35.000000,36.000000,36.000000,36.000000,37.000000,1,1,1,1,1,1,1,0,0,0,0,0,0,0,75,5400.235840,968,0,1,0.444999,0.050000,-0.272000,3.113000,-0.028000,0.000000,0
